crossing time (s)	slope (V/s)	crossing number
16850.923670	127.286569	675
16852.285697	135.465607	676
16853.699940	125.650091	677
16855.077498	127.910367	678
16856.484912	129.080465	679
16857.876586	132.394667	680
16859.263349	121.223607	681
16860.673996	129.051557	682
16862.045830	125.886060	683
16863.450223	129.187383	684
16864.839312	122.443023	685
16866.238490	126.815825	686
16867.628380	125.377850	687
16869.000400	130.707107	688
16870.433350	124.370443	689
16871.785226	127.043505	690
16873.217273	129.735601	691
16874.598302	125.828415	692
16875.999636	125.755201	693
16877.388861	127.376023	694
16878.786989	128.298383	695
16880.176200	126.800079	696
16881.575208	124.834852	697
16882.966679	129.002614	698
16884.371903	126.753414	699
16885.754421	126.839873	700
16887.159350	124.341867	701
16888.550638	128.043386	702
16889.936472	127.313758	703
16891.328276	129.568657	704
16892.745045	127.959489	705
16894.129544	126.660291	706
16895.511885	126.305057	707
16896.928460	127.337089	708
16898.330756	126.177648	709
16899.711702	127.222561	710
16901.119833	126.225364	711
16902.490772	125.255008	712
16903.883003	128.603182	713
16905.298860	125.848496	714
16906.677405	126.273981	715
16908.068348	124.215278	716
16909.458440	124.855472	717
16910.866633	124.203053	718
16912.255579	122.391745	719
16913.662253	125.586754	720
16915.053796	123.082255	721
16916.442968	125.178673	722
16917.836457	124.745165	723
16919.225292	123.245814	724
16920.627199	121.690898	725
16922.006758	124.052444	726
16923.419690	125.134630	727
16924.808395	125.486011	728
16926.210379	123.088882	729
16927.584466	120.730562	730
16928.993539	121.518760	731
16930.380120	126.144311	732
16931.782193	120.056534	733
16933.183409	119.171655	734
16934.581832	128.750160	735
16935.954869	119.662307	736
16937.353682	120.574992	737
16938.751696	125.452972	738
16940.140691	124.127334	739
16941.531722	120.813338	740
16942.934344	122.036777	741
16944.318181	119.263992	742
16945.736463	120.765909	743
16947.111239	123.252576	744
16948.522581	119.862700	745
16949.897483	120.938407	746
16951.307472	121.490525	747
16952.683409	122.416524	748
16954.098192	119.143880	749
16955.483645	120.670830	750
16956.884702	121.221033	751
16958.281182	122.339450	752
16959.658986	118.630412	753
16961.065281	120.027975	754
16962.460200	118.310067	755
16963.851229	120.960853	756
16965.243333	119.419204	757
16966.644653	119.573139	758
16968.034918	118.203436	759
16969.433036	122.788948	760
16970.823455	117.276305	761
16972.217509	119.689909	762
16973.611623	118.234518	763
16974.999179	122.765612	764
16976.400126	117.214994	765
16977.803530	118.120901	766
16979.196049	116.622963	767
16980.573976	120.501434	768
16981.992886	116.954492	769
16983.383611	117.892445	770
16984.775123	120.615335	771
16986.155147	115.778996	772
16987.568712	119.110763	773
16988.944643	122.157160	774
16990.342403	114.578554	775
16991.743962	118.192950	776
16993.135778	116.551782	777
16994.535983	117.824934	778
16995.925793	116.312070	779
16997.310020	118.943412	780
16998.714071	115.113917	781
17000.103972	117.077801	782
17001.493922	118.303197	783
17002.877446	116.290903	784
17004.279253	117.383962	785
17005.691777	115.058793	786
17007.092093	116.381659	787
17008.497130	117.936357	788
17009.893966	114.265748	789
17011.285100	118.390666	790
17012.656966	114.994630	791
17014.038929	117.185050	792
17015.432933	113.986870	793
17016.841462	117.336869	794
17018.232728	114.476007	795
17019.629412	116.073189	796
17021.015612	113.418430	797
17022.418390	114.608552	798
17023.810397	112.299288	799
17025.206067	116.213942	800
17026.601105	113.889064	801
17027.976186	115.145804	802
17029.396144	112.727846	803
17030.789699	114.719466	804
17032.181201	114.134872	805
17033.572596	115.529287	806
17034.968091	114.450459	807
17036.356854	114.232376	808
17037.759670	112.202023	809
17039.151549	113.530773	810
17040.539607	113.496663	811
17041.942825	114.572438	812
17043.328907	113.853734	813
17044.727218	112.773936	814
17046.121466	112.080355	815
17047.505504	114.271765	816
17048.908523	112.824767	817
17050.310733	114.593059	818
17051.703822	111.695382	819
17053.089361	113.894987	820
17054.490075	110.838214	821
17055.870456	112.252929	822
17057.275901	111.395469	823
17058.667949	111.074416	824
17060.079094	111.977598	825
17061.456537	113.943934	826
17062.854020	109.692748	827
17064.254646	112.280193	828
17065.645293	110.515918	829
17067.047262	112.612826	830
17068.429924	108.820340	831
17069.825477	112.664277	832
17071.220971	108.999358	833
17072.625595	110.556993	834
17074.010593	110.954207	835
17075.409357	110.457113	836
17076.798380	109.073428	837
17078.194060	111.162719	838
17079.587300	110.372294	839
17080.968731	110.863620	840
17082.385528	109.243016	841
17083.763396	111.669511	842
17085.175550	108.605997	843
17086.563993	110.541126	844
17087.955146	108.079949	845
17089.344763	107.678841	846
17090.747528	109.289807	847
17092.135747	108.284207	848
17093.533687	109.521763	849
17094.916312	109.262138	850
17096.321368	104.230197	851
17097.711338	108.409336	852
17099.106925	105.285815	853
17100.513328	103.197376	854
17101.900985	107.743358	855
17103.285388	109.819869	856
17104.686580	104.248260	857
17106.074862	106.524177	858
17107.486341	107.854339	859
17108.858449	109.693827	860
17110.266915	105.219741	861
17111.651620	105.687810	862
17113.063779	106.063582	863
17114.445551	109.752951	864
17115.845048	105.047115	865
17117.240230	107.505884	866
17118.629146	104.037320	867
17120.023991	107.218896	868
17121.416642	101.926838	869
17122.817582	105.500102	870
17124.214230	105.091629	871
17125.599589	105.288543	872
17126.995518	105.707716	873
17128.397745	105.744104	874
17129.796781	102.958538	875
17131.177612	106.365251	876
17132.567088	103.698367	877
17133.978497	103.874536	878
17135.368938	103.116949	879
17136.769111	103.765038	880
17138.171167	101.509493	881
17139.521633	105.811520	882
17140.925451	108.185365	883
17142.320442	103.497420	884
17143.724350	103.151500	885
17145.107389	104.835241	886
17146.528395	101.157566	887
17147.909498	104.610266	888
17149.317120	101.994717	889
17150.699030	104.767993	890
17152.095929	101.345216	891
17153.485757	102.030374	892
17154.884190	103.842194	893
17156.277470	102.272916	894
17157.679572	101.840522	895
17159.062048	101.172568	896
17160.467728	102.862444	897
17161.847947	101.627003	898
17163.263742	100.549926	899
17164.650584	101.920022	900
17166.042078	99.714020	901
17167.444967	102.495140	902
17168.828768	99.250542	903
17170.237314	102.274550	904
17171.614284	98.303921	905
17173.003695	100.023952	906
17174.383521	96.057400	907
17175.829172	100.370557	908
17177.158052	98.520188	909
17178.603984	102.634052	910
17179.990933	98.800205	911
17181.377339	100.435188	912
17182.806471	101.730226	913
17184.150627	102.666388	914
17185.586763	100.609779	915
17186.944773	104.024805	916
17188.344298	100.095405	917
17189.738220	99.520358	918
17191.148424	98.118618	919
17192.528867	101.542225	920
17193.935403	96.759786	921
17195.324621	99.371574	922
17196.725399	98.185810	923
17198.114114	99.387882	924
17199.509154	98.342631	925
17200.895667	97.015179	926
17202.292130	98.398742	927
17203.691701	97.904912	928
17205.085222	96.667878	929
17206.467058	95.695107	930
17207.879454	100.494840	931
17209.259818	98.306550	932
17210.673489	96.886783	933
17212.064751	101.638874	934
17213.438849	97.104030	935
17214.846971	94.704203	936
17216.240615	96.191910	937
17217.634765	97.987662	938
17219.025959	94.644386	939
17220.413762	98.287945	940
17221.812852	93.927179	941
17223.214907	96.660441	942
17224.607022	96.647015	943
17225.995811	96.355447	944
17227.397956	94.562603	945
17228.779377	98.748126	946
17230.190777	91.389501	947
17231.567157	96.057494	948
17232.962171	96.323549	949
17234.354145	99.272102	950
17235.756905	92.806679	951
17237.148383	94.616595	952
17238.551237	92.920410	953
17239.948565	91.681609	954
17241.351755	97.316797	955
17242.714425	95.554959	956
17244.129435	95.152652	957
17245.513056	95.560633	958
17246.913048	92.710851	959
17248.303489	91.867563	960
17249.703841	92.537284	961
17251.089794	94.094243	962
17252.494808	92.862462	963
17253.878015	94.983584	964
17255.287732	93.491138	965
17256.676210	94.319718	966
17258.082265	92.030344	967
17259.458563	94.517777	968
17260.864099	91.417411	969
17262.260530	92.117527	970
17263.645670	91.986686	971
17265.036534	93.592897	972
17266.421225	91.839164	973
17267.843364	92.785814	974
17269.251777	93.509205	975
17270.582152	98.359084	976
17272.012892	87.068977	977
17273.423715	95.934504	978
17274.804533	89.824046	979
17276.212410	91.526090	980
17277.588489	91.966010	981
17278.963188	92.560969	982
17280.385012	90.822628	983
17281.775874	92.842319	984
17283.176025	88.153068	985
17284.558183	94.432913	986
17285.962432	91.504971	987
17287.339338	92.014978	988
17288.749761	91.418271	989
17290.130187	90.938766	990
17291.544378	90.007298	991
17292.927403	91.293521	992
17294.324795	90.029739	993
17295.705285	91.740130	994
17297.124279	87.666177	995
17298.491382	90.804786	996
17299.907643	90.400843	997
17301.285354	90.628939	998
17302.686837	88.669707	999
17304.099155	89.634236	1000
17305.460846	91.317608	1001
17306.883709	94.374951	1002
17308.243784	84.894568	1003
17309.669504	89.761946	1004
17311.092294	87.672367	1005
17312.428574	87.600058	1006
17313.840277	90.317698	1007
17315.228643	89.914424	1008
17316.651030	89.478404	1009
17318.031605	88.169938	1010
17319.420876	87.192074	1011
17320.813065	89.596283	1012
17322.215319	85.728842	1013
17323.608753	92.006547	1014
17324.991465	84.578774	1015
17326.406779	87.971755	1016
17327.784208	87.461294	1017
17329.182724	88.792323	1018
17330.587503	85.955989	1019
17331.964384	89.542443	1020
17333.366432	86.986558	1021
17334.742790	89.003969	1022
17336.158543	86.608656	1023
17337.540246	88.006525	1024
17338.945860	88.243926	1025
17340.335176	88.671594	1026
17341.730873	83.999008	1027
17343.122837	86.734878	1028
17344.527155	86.985251	1029
17345.906386	87.404098	1030
17347.310595	87.059176	1031
17348.692220	87.539505	1032
17350.101073	85.945206	1033
17351.485836	86.555344	1034
17352.891098	85.817780	1035
17354.266934	87.868610	1036
17355.683565	84.984352	1037
17357.065988	85.849838	1038
17358.461718	85.422109	1039
17359.862474	86.922957	1040
17361.251862	85.206135	1041
17362.644744	85.727123	1042
17364.041174	84.568993	1043
17365.435254	86.360420	1044
17366.826205	81.389134	1045
17368.222406	83.782158	1046
17369.620503	84.037953	1047
17371.033002	84.623510	1048
17372.399345	83.457149	1049
17373.797826	83.424101	1050
17375.188748	85.375320	1051
17376.541891	88.695046	1052
17377.985585	82.960787	1053
17379.370581	85.565924	1054
17380.792589	84.957210	1055
17382.167832	85.938978	1056
17383.564093	84.502305	1057
17384.951587	83.132109	1058
17386.354174	81.819947	1059
17387.750884	83.760829	1060
17389.139632	83.824082	1061
17390.530403	84.788212	1062
17391.923588	80.515761	1063
17393.318412	84.476757	1064
17394.720811	84.266159	1065
17396.098851	84.076844	1066
17397.509008	84.113350	1067
17398.889899	84.823185	1068
17400.291024	83.116769	1069
17401.668888	83.745241	1070
17403.092611	81.795483	1071
17404.476556	86.261742	1072
17405.860392	79.599895	1073
17407.251264	80.415502	1074
17408.663703	81.906186	1075
17410.058241	83.377233	1076
17411.444439	83.092042	1077
17412.835573	80.824649	1078
17414.227793	81.345359	1079
17415.619419	80.654815	1080
17417.027364	80.653079	1081
17418.424466	82.364545	1082
17419.810983	81.143821	1083
17421.206804	82.951539	1084
17422.594245	79.090854	1085
17423.995597	81.691923	1086
17425.394996	80.620124	1087
17426.775362	81.306925	1088
17428.184084	81.219555	1089
17429.569417	81.908257	1090
17430.968048	80.695683	1091
17432.356221	78.404031	1092
17433.763280	79.656720	1093
17435.145158	79.520774	1094
17436.547704	79.406088	1095
17437.936174	81.287975	1096
17439.339627	79.482934	1097
17440.717169	80.073320	1098
17442.130082	77.433987	1099
17443.509787	79.399522	1100
17444.906091	79.683811	1101
17446.302029	79.672364	1102
17447.705241	77.730191	1103
17449.090541	81.597448	1104
17450.501553	79.514480	1105
