time (s)	theta (A)	maj axis/z0	min axis/z0	crossing#mod 255
15759.991003	31.878138	1.371877	-0.058460	99
15762.782156	31.959494	1.371885	-0.057763	101
15765.571970	32.064644	1.371603	-0.057219	103
15768.359732	32.124222	1.373633	-0.057308	105
15771.145815	32.001778	1.378790	-0.057878	107
15773.929128	31.148886	1.377640	-0.058387	109
15776.712130	30.078016	1.368615	-0.056861	111
15779.500338	30.093069	1.357930	-0.053983	113
15782.294019	31.114613	1.359245	-0.052807	115
15785.088419	31.944611	1.364967	-0.053437	117
15787.883241	32.286438	1.362165	-0.054339	119
15790.671769	32.397976	1.362198	-0.055215	121
15793.458410	32.221828	1.363764	-0.056322	123
15796.241696	31.406668	1.366093	-0.056332	125
15799.024941	30.542511	1.361513	-0.055406	127
15801.810253	30.156515	1.353334	-0.053881	129
15804.597720	30.226191	1.346581	-0.053080	131
15807.387361	30.516600	1.346643	-0.052637	133
15810.176023	30.747610	1.346160	-0.052637	135
15812.963870	30.883551	1.344976	-0.052917	137
15815.752665	31.017567	1.343323	-0.053143	139
15818.544062	31.160933	1.340139	-0.053878	141
15821.337643	31.320080	1.337642	-0.054522	143
15824.132123	31.316122	1.333140	-0.054403	145
15826.924663	31.183876	1.331073	-0.053497	147
15829.714799	30.996828	1.331678	-0.052699	149
15832.502024	30.805696	1.338343	-0.051626	151
15835.287300	30.754501	1.343307	-0.050697	153
15838.070252	30.891552	1.344944	-0.050331	155
15840.853639	31.104576	1.339341	-0.050957	157
15843.639843	31.156151	1.328866	-0.052328	159
15846.431565	31.091612	1.324763	-0.053262	161
15849.225083	31.153931	1.321333	-0.053080	163
15852.017743	31.209856	1.322896	-0.052592	165
15854.807181	31.242302	1.322763	-0.052336	167
15857.595261	31.160486	1.324362	-0.052477	169
15860.379942	30.693087	1.326337	-0.052814	171
15863.164611	29.946150	1.322551	-0.052379	173
15865.949168	29.452755	1.314281	-0.050936	175
15868.739383	29.820477	1.309065	-0.048923	177
15871.534334	30.634968	1.312196	-0.048526	179
15874.328530	31.064568	1.315692	-0.048979	181
15877.120211	31.301580	1.313952	-0.049267	183
15879.911809	31.374256	1.309310	-0.049832	185
15882.700379	31.477297	1.306170	-0.050097	187
15885.488377	31.465887	1.305232	-0.050421	189
15888.275506	31.307409	1.307459	-0.050634	191
15891.059668	30.887480	1.309335	-0.050920	193
15893.844511	30.394747	1.309527	-0.050579	195
15896.629578	29.917171	1.303980	-0.049933	197
15899.415267	29.707609	1.298347	-0.049166	199
15902.203000	29.755875	1.295740	-0.048613	201
15904.991581	29.875450	1.294780	-0.048736	203
15907.780437	30.070618	1.292998	-0.048389	205
15910.569533	30.135880	1.291348	-0.048619	207
15913.359771	30.301134	1.290183	-0.048847	209
15916.151518	30.521582	1.288765	-0.049217	211
15918.944484	30.656878	1.285685	-0.049471	213
15921.737095	30.644182	1.283928	-0.049400	215
15924.528242	30.616905	1.281306	-0.048849	217
15927.319375	30.539650	1.278588	-0.048459	219
15930.108621	30.431597	1.278475	-0.048029	221
15932.897631	30.314264	1.278752	-0.047557	223
15935.685160	30.174620	1.282917	-0.047021	225
15938.471502	30.090948	1.285569	-0.046492	227
15941.256815	30.066181	1.287433	-0.045865	229
15944.041065	30.164776	1.287570	-0.045285	231
15946.824439	30.329929	1.282544	-0.045856	233
15949.610499	30.419024	1.273359	-0.046694	235
15952.400531	30.274508	1.269592	-0.047443	237
15955.192616	30.268469	1.268113	-0.047423	239
15957.984883	30.320280	1.267102	-0.047302	241
15960.775271	30.297480	1.268559	-0.046847	243
15963.563216	30.154190	1.269909	-0.046989	245
15966.349197	29.762474	1.269664	-0.046896	247
15969.133842	29.205956	1.264959	-0.046397	249
15971.920063	28.929918	1.257710	-0.045189	251
15974.709862	29.183756	1.254012	-0.043957	253
15977.502713	29.746946	1.256177	-0.043485	255
15980.296256	30.188639	1.259709	-0.043607	1
15983.088475	30.271378	1.260230	-0.044151	3
15985.879588	30.339813	1.258925	-0.044196	5
15988.669808	30.329891	1.257178	-0.044176	7
15991.459230	30.319675	1.255103	-0.044295	9
15994.248423	30.269400	1.252700	-0.044148	11
15997.038216	30.273903	1.249993	-0.044215	13
15999.826393	30.294544	1.248111	-0.044339	15
16002.614661	30.296356	1.245618	-0.044371	17
16005.403555	30.287743	1.242988	-0.044436	19
16008.192268	30.227720	1.240955	-0.044255	21
16010.981943	30.268658	1.240278	-0.044300	23
16013.768864	30.266361	1.240177	-0.044256	25
16016.556874	30.294142	1.237987	-0.044344	27
16019.345622	30.309172	1.236975	-0.044369	29
16022.133655	30.334816	1.236512	-0.044358	31
16024.921611	30.264824	1.234495	-0.044662	33
16027.708440	30.182011	1.236126	-0.044399	35
16030.496607	30.097816	1.234031	-0.044466	37
16033.281555	29.883274	1.233944	-0.044454	39
16036.067038	29.617388	1.234745	-0.043981	41
16038.853650	29.400860	1.229722	-0.043675	43
16041.640356	29.148890	1.229020	-0.043084	45
16044.427205	29.081894	1.226359	-0.042668	47
16047.214962	29.115206	1.223612	-0.042307	49
16050.003870	29.178894	1.221429	-0.042419	51
16052.793219	29.247866	1.221136	-0.042334	53
16055.582521	29.386440	1.220274	-0.042306	55
16058.373601	29.535366	1.218500	-0.042209	57
16061.164553	29.634418	1.215390	-0.042508	59
16063.955777	29.692181	1.213908	-0.042537	61
16066.747552	29.733772	1.211803	-0.042367	63
16069.537625	29.768368	1.209935	-0.042500	65
16072.327493	29.735426	1.208894	-0.042290	67
16075.118145	29.787516	1.207422	-0.041958	69
16077.905584	29.821058	1.204485	-0.041866	71
16080.695767	29.782997	1.203708	-0.041866	73
16083.483770	29.798807	1.203984	-0.041721	75
16086.272629	29.834526	1.202928	-0.041806	77
16089.060724	29.828295	1.202885	-0.041915	79
16091.848213	29.787119	1.203974	-0.041853	81
16094.635608	29.734978	1.202908	-0.041743	83
16097.422583	29.629152	1.203314	-0.041764	85
16100.208770	29.429100	1.202646	-0.041626	87
16102.994207	29.179247	1.202060	-0.041538	89
16105.780804	28.936314	1.200040	-0.041195	91
16108.567456	28.776390	1.198152	-0.040749	93
16111.353904	28.723505	1.194363	-0.040202	95
16114.142061	28.696772	1.191767	-0.040065	97
16116.930832	28.752153	1.190421	-0.039743	99
16119.719955	28.872118	1.189369	-0.039724	101
16122.510121	29.011297	1.189227	-0.039517	103
16125.299963	29.100443	1.185946	-0.039799	105
16128.092114	29.214367	1.185680	-0.039681	107
16130.883200	29.263916	1.183783	-0.039818	109
16133.674077	29.309088	1.182090	-0.039481	111
16136.465000	29.368292	1.180299	-0.039683	113
16139.253467	29.362190	1.178153	-0.039455	115
16142.045496	29.361691	1.176903	-0.039386	117
16144.833036	29.366232	1.176738	-0.038962	119
16147.621287	29.386681	1.175693	-0.038930	121
16150.409841	29.402386	1.174525	-0.038921	123
16153.197912	29.387878	1.172768	-0.038834	125
16155.985510	29.292501	1.173121	-0.038857	127
16158.772592	29.214119	1.173788	-0.038891	129
16161.558716	29.091297	1.172843	-0.038853	131
16164.344903	28.876043	1.173271	-0.038503	133
16167.131356	28.635426	1.172128	-0.038501	135
16169.917870	28.530472	1.169270	-0.038292	137
16172.704506	28.366804	1.166561	-0.038005	139
16175.492283	28.366184	1.164717	-0.037832	141
16178.279989	28.396812	1.162273	-0.037510	143
16181.068995	28.468300	1.161404	-0.037262	145
16183.859003	28.557632	1.160180	-0.037120	147
16186.649137	28.646736	1.158731	-0.037277	149
16189.439888	28.740770	1.158073	-0.037336	151
16192.230781	28.844803	1.157087	-0.037461	153
16195.021811	28.879547	1.155773	-0.037470	155
16197.812242	28.938852	1.153791	-0.037720	157
16200.603092	28.950457	1.151239	-0.037419	159
16203.392174	28.934547	1.149212	-0.037486	161
16206.180963	28.967369	1.148136	-0.037216	163
16208.969667	28.934690	1.148459	-0.036928	165
16211.758322	28.986881	1.147923	-0.036958	167
16214.546275	28.945425	1.147110	-0.036794	169
16217.334597	28.905945	1.148561	-0.036678	171
16220.121313	28.820728	1.147687	-0.036649	173
16222.906904	28.676003	1.147661	-0.036499	175
16225.693406	28.513803	1.146838	-0.036314	177
16228.479996	28.284159	1.145328	-0.036203	179
16231.266085	28.144125	1.142911	-0.035785	181
16234.053051	28.021595	1.140746	-0.035652	183
16236.842174	28.087694	1.139020	-0.035489	185
16239.628629	28.069490	1.137376	-0.035400	187
16242.419737	28.182285	1.136571	-0.035041	189
16245.207007	28.258287	1.133947	-0.035381	191
16247.999842	28.355257	1.135205	-0.035293	193
16250.790733	28.470047	1.132701	-0.035359	195
16253.580072	28.490551	1.130711	-0.035493	197
16256.371303	28.537132	1.130168	-0.035373	199
16259.162139	28.616955	1.128279	-0.035302	201
16261.951550	28.590317	1.126221	-0.035299	203
16264.741020	28.586386	1.126210	-0.035186	205
16267.530018	28.599464	1.125202	-0.034973	207
16270.318526	28.580269	1.124427	-0.035087	209
16273.106750	28.601549	1.123282	-0.034923	211
16275.894524	28.542006	1.122064	-0.034943	213
16278.681804	28.477942	1.122251	-0.034960	215
16281.468737	28.327478	1.120995	-0.034869	217
16284.254533	28.162189	1.121014	-0.034602	219
16287.040857	28.069920	1.118586	-0.034645	221
16289.826953	27.782927	1.116516	-0.034223	223
16292.614253	27.728159	1.114958	-0.033987	225
16295.401426	27.720602	1.113026	-0.033904	227
16298.189430	27.730240	1.111795	-0.033766	229
16300.980056	27.779818	1.111341	-0.033624	231
16303.768680	27.860697	1.109436	-0.033812	233
16306.558643	27.969982	1.109283	-0.033458	235
16309.348950	28.074986	1.106774	-0.033562	237
16312.138893	28.092535	1.105173	-0.033657	239
16314.930352	28.142935	1.103567	-0.033472	241
16317.721269	28.174576	1.102127	-0.033394	243
16320.511828	28.185575	1.101444	-0.033530	245
16323.300737	28.219620	1.100732	-0.033306	247
16326.089898	28.212358	1.099755	-0.033029	249
16328.878811	28.180338	1.099064	-0.033086	251
16331.666609	28.189667	1.098745	-0.033262	253
16334.454083	28.165865	1.098819	-0.033203	255
16337.241381	28.069937	1.098000	-0.032886	1
16340.027775	27.926561	1.097816	-0.032802	3
16342.813850	27.765526	1.096847	-0.032773	5
16345.599442	27.601036	1.094650	-0.032401	7
16348.388681	27.482971	1.093214	-0.032314	9
16351.174374	27.444424	1.091715	-0.031951	11
16353.962765	27.452662	1.089827	-0.031873	13
16356.748683	27.469500	1.086861	-0.031873	15
16359.541084	27.512146	1.086062	-0.031334	17
16362.329396	27.630545	1.084577	-0.031482	19
16365.119819	27.664774	1.084682	-0.031414	21
16367.909929	27.772411	1.083846	-0.031631	23
16370.700739	27.797556	1.082530	-0.031507	25
16373.491536	27.868992	1.081260	-0.031228	27
16376.282534	27.818510	1.080120	-0.031125	29
16379.073585	27.870716	1.079328	-0.031256	31
16381.861622	27.866766	1.078844	-0.031102	33
16384.651302	27.881727	1.078061	-0.030982	35
16387.438068	27.859137	1.077108	-0.030897	37
16390.224920	27.855284	1.077472	-0.030684	39
16393.014481	27.774578	1.075915	-0.030903	41
16395.801072	27.669403	1.075322	-0.030948	43
16398.586081	27.528902	1.074844	-0.031166	45
16401.373062	27.329533	1.074858	-0.030988	47
16404.159153	27.216143	1.073835	-0.031189	49
16406.946043	27.141552	1.071940	-0.030856	51
16409.733395	27.148233	1.069387	-0.030867	53
16412.522110	27.104708	1.067776	-0.030757	55
16415.310567	27.178324	1.066565	-0.030594	57
16418.099914	27.268015	1.065519	-0.030336	59
16420.890199	27.330545	1.062994	-0.030580	61
16423.680395	27.386263	1.061481	-0.030620	63
16426.471326	27.450821	1.059058	-0.030717	65
16429.261915	27.496332	1.058759	-0.030494	67
16432.051532	27.501236	1.057147	-0.030409	69
16434.842346	27.505535	1.056323	-0.030294	71
16437.631342	27.507616	1.054685	-0.030358	73
16440.420495	27.511709	1.054237	-0.030239	75
16443.208643	27.522564	1.053051	-0.030099	77
16445.996135	27.474461	1.052471	-0.030075	79
16448.783720	27.415981	1.052389	-0.029923	81
16451.570631	27.320580	1.051578	-0.029907	83
16454.357504	27.208162	1.050539	-0.029903	85
16457.143763	27.113554	1.049860	-0.029557	87
16459.929826	26.907417	1.048285	-0.029450	89
16462.717848	26.880787	1.047618	-0.029129	91
16465.504897	26.831196	1.044879	-0.029176	93
16468.292441	26.814617	1.044367	-0.029045	95
