crossing time (s)	slope (V/s)	crossing number
15758.618660	75.747107	98
15759.996451	79.960917	99
15761.380681	78.078341	100
15762.780723	77.137117	101
15764.168993	75.512141	102
15765.579273	77.873016	103
15766.952329	77.855095	104
15768.361960	75.379814	105
15769.754183	76.151362	106
15771.142845	78.718510	107
15772.530227	74.243505	108
15773.926148	77.098335	109
15775.327290	74.866758	110
15776.705304	70.263386	111
15778.142444	78.936658	112
15779.514079	78.142566	113
15780.927111	79.245048	114
15782.298510	74.433546	115
15783.703735	75.234695	116
15785.066638	72.534213	117
15786.455467	73.167116	118
15787.898709	75.555336	119
15789.266543	80.882261	120
15790.665611	71.610520	121
15792.057076	74.010062	122
15793.456485	73.752859	123
15794.849674	75.499656	124
15796.236906	74.377012	125
15797.641964	76.696995	126
15799.025941	76.070298	127
15800.439223	72.165045	128
15801.814172	74.524322	129
15803.228333	74.200723	130
15804.595405	74.180258	131
15806.019470	75.294338	132
15807.393186	73.656879	133
15808.796016	72.008476	134
15810.179082	74.492704	135
15811.595658	75.724035	136
15812.961871	74.132967	137
15814.380263	73.435723	138
15815.750579	72.687922	139
15817.154213	74.917561	140
15818.519273	71.346137	141
15819.978928	77.634546	142
15821.360379	76.747424	143
15822.763387	74.076589	144
15824.137228	73.342314	145
15825.488204	72.873115	146
15826.948690	72.340426	147
15828.302247	72.213892	148
15829.715652	71.736005	149
15831.096839	73.200223	150
15832.502664	74.121174	151
15833.877740	71.709542	152
15835.293271	70.105393	153
15836.670396	72.303308	154
15838.074555	73.176026	155
15839.474258	73.177862	156
15840.864523	70.894706	157
15842.263545	71.475800	158
15843.646726	71.926924	159
15845.062308	72.402547	160
15846.434130	71.592026	161
15847.833939	72.939613	162
15849.226684	68.515940	163
15850.633480	67.119339	164
15852.022765	77.423595	165
15853.397318	75.541307	166
15854.804910	69.636004	167
15856.197275	71.370579	168
15857.599452	66.371753	169
15858.987366	71.238783	170
15860.367296	76.365694	171
15861.794435	71.350799	172
15863.166810	75.995962	173
15864.585900	69.622642	174
15865.934904	69.276720	175
15867.366584	72.438199	176
15868.732703	68.699891	177
15870.140449	71.536895	178
15871.558749	71.539157	179
15872.935449	71.112089	180
15874.342335	73.064780	181
15875.731731	68.313736	182
15877.117022	72.173837	183
15878.494770	68.003557	184
15879.916313	71.929994	185
15881.291992	70.053474	186
15882.698682	68.329127	187
15884.081212	68.117301	188
15885.490776	70.662709	189
15886.868755	69.403042	190
15888.284979	68.729246	191
15889.668121	70.809350	192
15891.053899	69.209136	193
15892.456954	69.059660	194
15893.845201	70.254556	195
15895.250777	67.993926	196
15896.636301	69.592389	197
15898.037765	69.080093	198
15899.412352	70.658758	199
15900.840495	69.520213	200
15902.202879	68.043404	201
15903.611091	68.222514	202
15904.994352	68.091130	203
15906.414298	69.107486	204
15907.784930	68.178990	205
15909.200834	68.103637	206
15910.574725	69.309626	207
15911.991366	68.843101	208
15913.360152	68.925226	209
15914.772362	68.328865	210
15916.148522	67.569358	211
15917.555943	69.479363	212
15918.945281	65.573359	213
15920.342178	68.068937	214
15921.734675	67.086538	215
15923.142817	69.759278	216
15924.499774	66.504639	217
15925.920516	66.435503	218
15927.324843	68.991562	219
15928.694495	69.471932	220
15930.114963	65.436298	221
15931.479650	66.997534	222
15932.903720	67.014221	223
15934.284232	67.529875	224
15935.689017	66.594633	225
15937.068556	68.607166	226
15938.470276	65.676857	227
15939.860260	67.308825	228
15941.268699	67.482000	229
15942.662271	66.341341	230
15944.077091	68.921619	231
15945.428493	68.922622	232
15946.816076	65.125202	233
15948.189299	66.332117	234
15949.617887	65.482969	235
15951.029993	67.621614	236
15952.409773	67.662994	237
15953.813530	66.183024	238
15955.181317	66.145440	239
15956.605294	65.090757	240
15957.979897	66.253048	241
15959.388643	65.569637	242
15960.779654	67.149704	243
15962.174550	65.965108	244
15963.568116	63.881893	245
15964.961876	67.705937	246
15966.354979	65.427027	247
15967.759491	64.768196	248
15969.135300	64.995152	249
15970.551176	64.185706	250
15971.920433	64.292188	251
15973.339505	65.698944	252
15974.708814	65.704845	253
15976.129565	64.578299	254
15977.499710	63.978714	255
15978.911347	64.843869	256
15980.297562	63.818217	257
15981.691514	65.245683	258
15983.082938	63.767396	259
15984.480234	64.465214	260
15985.878005	65.238318	261
15987.261062	62.916639	262
15988.667498	65.420762	263
15990.054733	63.543465	264
15991.455529	63.270450	265
15992.844621	64.132408	266
15994.244804	63.460508	267
15995.619461	65.293780	268
15997.046936	63.663726	269
15998.425991	65.074749	270
15999.826596	62.866275	271
16001.198670	63.486623	272
16002.608601	63.029519	273
16003.991171	62.378435	274
16005.401066	63.870653	275
16006.779237	62.559782	276
16008.190956	63.351834	277
16009.576495	63.404707	278
16010.997397	62.368865	279
16012.374206	65.823779	280
16013.762910	62.154027	281
16015.143638	63.173115	282
16016.540735	61.685558	283
16017.932099	58.781781	284
16019.337306	60.317475	285
16020.719172	60.554727	286
16022.127933	66.163051	287
16023.495947	67.602500	288
16024.922728	59.277202	289
16026.317194	63.201919	290
16027.704232	62.220824	291
16029.090500	57.136031	292
16030.513417	61.693527	293
16031.885122	65.616655	294
16033.274637	59.031505	295
16034.686315	64.302811	296
16036.063083	62.023433	297
16037.463468	59.791477	298
16038.853584	62.298123	299
16040.270888	62.135059	300
16041.645741	61.041031	301
16043.038050	60.431487	302
16044.426101	60.100405	303
16045.837162	62.204842	304
16047.216069	60.192218	305
16048.633528	61.524361	306
16050.011483	60.735817	307
16051.425470	62.861019	308
16052.805103	60.308545	309
16054.199147	59.779259	310
16055.577537	59.221458	311
16056.982132	61.349414	312
16058.370554	61.098136	313
16059.772989	60.105024	314
16061.162598	58.706824	315
16062.567300	58.345830	316
16063.948927	62.225414	317
16065.353930	59.939670	318
16066.759362	60.564469	319
16068.137840	60.378708	320
16069.535809	57.369219	321
16070.917700	59.887149	322
16072.325604	58.966544	323
16073.724386	61.293120	324
16075.135284	55.946344	325
16076.492665	59.458939	326
16077.876403	59.923333	327
16079.286642	58.358714	328
16080.709213	58.428551	329
16082.085209	58.570165	330
16083.483653	58.145987	331
16084.859226	57.873969	332
16086.276518	58.011646	333
16087.651760	60.070863	334
16089.065772	58.448640	335
16090.446356	59.127651	336
16091.851409	59.172735	337
16093.226634	59.035518	338
16094.636915	59.077856	339
16096.028268	58.345153	340
16097.425789	58.019265	341
16098.813134	58.151150	342
16100.211615	56.117241	343
16101.603568	58.823221	344
16102.987089	58.534218	345
16104.396877	58.803780	346
16105.783196	58.287057	347
16107.193938	57.224246	348
16108.574615	59.240849	349
16109.972113	56.806889	350
16111.347211	55.081535	351
16112.766401	61.696551	352
16114.137461	58.117129	353
16115.566312	57.240336	354
16116.932726	56.006915	355
16118.342401	58.099472	356
16119.720903	57.586723	357
16121.131783	56.058856	358
16122.517065	56.962081	359
16123.913465	56.739790	360
16125.290805	56.477211	361
16126.712183	58.762453	362
16128.099214	56.436932	363
16129.492630	59.480139	364
16130.885823	55.318684	365
16132.271502	57.876764	366
16133.677832	54.749849	367
16135.056267	58.269018	368
16136.470092	55.814864	369
16137.849433	55.473536	370
16139.244006	61.155139	371
16140.640265	55.341640	372
16142.069977	61.493222	373
16143.434277	57.841383	374
16144.832322	52.886762	375
16146.216182	49.840712	376
16147.619708	54.008278	377
16149.006450	57.341935	378
16150.407879	54.906034	379
16151.786735	55.917534	380
16153.199964	56.555861	381
16154.581638	55.674826	382
16155.989339	54.654192	383
16157.377810	56.980608	384
16158.775884	54.903465	385
16160.165708	57.622118	386
16161.557902	53.736730	387
16162.955134	55.322416	388
16164.338916	55.610147	389
16165.744172	54.457331	390
16167.134414	55.162736	391
16168.530260	55.081811	392
16169.925551	54.901355	393
16171.331648	54.761081	394
16172.706808	56.138118	395
16174.125111	55.492032	396
16175.494452	56.541982	397
16176.902623	53.891179	398
16178.274734	53.856974	399
16179.692696	57.784181	400
16181.066113	54.706076	401
16182.486800	55.661633	402
16183.858322	53.584399	403
16185.269513	53.666573	404
16186.649947	52.518565	405
16188.060132	55.446430	406
16189.442768	54.166104	407
16190.835547	54.965912	408
16192.230564	54.574387	409
16193.625490	55.972730	410
16195.021970	52.884311	411
16196.411088	56.538893	412
16197.811181	52.954201	413
16199.197224	53.080250	414
16200.614944	53.988906	415
16201.976841	55.358690	416
16203.393436	50.351130	417
16204.773878	53.504572	418
16206.176808	52.770368	419
16207.573283	52.811502	420
16208.967190	53.981813	421
16210.353192	54.576652	422
16211.759072	52.326841	423
16213.146410	52.854428	424
16214.545841	53.536971	425
16215.936385	51.842705	426
16217.347842	53.101902	427
16218.717853	54.242885	428
16220.128603	50.776808	429
16221.518782	54.741516	430
16222.901645	52.093397	431
16224.303979	52.152658	432
16225.690413	52.997542	433
16227.092177	52.767999	434
16228.485246	51.445309	435
16229.886841	53.143693	436
16231.269064	54.280221	437
16232.674864	53.785276	438
16234.049673	54.064324	439
16235.455955	49.455574	440
16236.856266	52.704600	441
16238.241028	55.755392	442
16239.618281	52.022951	443
16241.052756	54.511915	444
16242.439769	54.647321	445
16243.823034	50.620273	446
16245.198446	47.893931	447
16246.623736	53.790701	448
16248.018653	49.616955	449
16249.388580	46.752839	450
16250.807100	49.549307	451
16252.181468	55.402105	452
16253.575336	48.914433	453
16254.980797	51.062769	454
16256.373624	51.222200	455
16257.766194	52.587565	456
16259.167932	50.515160	457
16260.551813	52.201421	458
16261.949757	50.352584	459
16263.339189	51.230879	460
16264.740468	50.581351	461
16266.121852	51.826219	462
16267.527560	50.096832	463
16268.921774	51.860675	464
16270.315060	50.741781	465
16271.703918	50.357914	466
16273.106338	51.582993	467
16274.485802	50.076885	468
16275.896413	50.164923	469
16277.286604	50.277368	470
16278.687678	51.463011	471
16280.072381	51.337354	472
16281.471073	49.050425	473
16282.864594	53.478149	474
16284.251443	49.947407	475
16285.650365	50.965241	476
16287.035897	51.867647	477
16288.446605	49.587963	478
16289.824411	48.747331	479
16291.237083	51.939300	480
16292.613571	53.937665	481
16294.027981	52.102309	482
16295.396816	54.847010	483
16296.813904	46.952096	484
16298.179317	46.911375	485
16299.610566	50.115434	486
16300.998848	47.594046	487
16302.389154	50.566678	488
16303.774657	48.933139	489
16305.176757	49.224000	490
16306.558140	53.193152	491
16307.959449	46.232123	492
16309.345644	45.746141	493
16310.760783	54.124717	494
16312.124098	49.111948	495
16313.542933	50.939743	496
16314.919348	47.531494	497
16316.332253	49.658846	498
16317.718612	49.824961	499
16319.105008	49.102884	500
16320.515465	48.142981	501
16321.902381	50.557052	502
16323.299715	48.416109	503
16324.693993	50.132678	504
16326.091610	48.864194	505
16327.479004	49.732833	506
16328.883808	48.173835	507
16330.267108	48.038583	508
16331.664008	48.268516	509
16333.055761	48.354677	510
16334.456436	48.979395	511
16335.838135	48.104741	512
16337.246112	48.134527	513
16338.631195	47.962527	514
16340.034295	48.086821	515
16341.427046	48.921557	516
16342.813003	46.860962	517
16344.212581	51.379963	518
16345.589958	46.923323	519
16347.015706	43.614336	520
16348.415175	49.863918	521
16349.816525	51.567839	522
16351.179049	49.416925	523
16352.584424	46.062506	524
16353.975564	43.631493	525
16355.375248	47.934748	526
16356.735093	46.967204	527
16358.172151	52.316129	528
16359.575838	51.048900	529
16360.956659	44.968221	530
16362.332166	44.449575	531
16363.734491	50.433980	532
16365.123509	46.074714	533
16366.519243	47.626824	534
16367.905643	44.116584	535
16369.306080	48.935776	536
16370.699033	47.137479	537
16372.104921	47.429080	538
16373.488636	48.452161	539
16374.888818	45.476423	540
16376.293691	47.278914	541
16377.650480	47.511516	542
16379.108292	47.990564	543
16380.467444	48.689527	544
16381.864199	46.316954	545
16383.244597	48.253766	546
16384.680343	44.194903	547
16386.016292	48.717912	548
16387.422913	47.076412	549
16388.824357	46.551624	550
16390.207810	46.051381	551
16391.608980	44.324678	552
16393.029669	46.941880	553
16394.397555	49.397972	554
16395.811707	44.603664	555
16397.194983	49.218316	556
16398.579520	44.874135	557
16399.990207	45.366138	558
16401.379105	47.165532	559
16402.779202	45.318271	560
16404.154490	44.640437	561
16405.571629	45.744088	562
16406.946026	46.077764	563
16408.357418	46.171511	564
16409.733693	45.972571	565
16411.149893	43.361531	566
16412.526082	44.650540	567
16413.926762	46.665163	568
16415.312701	45.862159	569
16416.729957	46.491983	570
16418.100049	45.367801	571
16419.509484	46.129051	572
16420.890770	46.800854	573
16422.297094	45.450850	574
16423.678445	44.810800	575
16425.081286	46.072613	576
16426.471621	44.276979	577
16427.873219	46.339292	578
16429.261931	46.744762	579
16430.654207	44.126969	580
16432.039598	44.343246	581
16433.443521	44.489890	582
16434.847825	45.147167	583
16436.236291	45.825874	584
16437.630955	44.002655	585
16439.018412	44.694696	586
16440.422831	46.852330	587
16441.806166	47.020337	588
16443.209911	42.179833	589
16444.599658	45.340012	590
16445.993178	44.360050	591
16447.388065	43.816571	592
16448.783676	45.024973	593
16450.176698	43.741135	594
16451.571116	44.412422	595
16452.963108	45.848920	596
16454.363792	43.940846	597
16455.758772	45.421272	598
16457.144689	43.715916	599
16458.544757	44.203768	600
16459.926326	43.962338	601
16461.341441	43.508694	602
16462.725339	44.345295	603
16464.122031	43.264873	604
16465.506101	44.635838	605
16466.918158	44.276804	606
16468.291629	43.947694	607
16469.707316	40.743780	608
