crossing time (s)	slope (V/s)	crossing number
88652.419411	100.537849	14939
88653.732769	101.873745	14940
88655.173128	90.862061	14941
88656.582369	116.769913	14942
88657.991915	75.820508	14943
88659.337145	109.835614	14944
88660.761649	106.194514	14945
88662.148969	83.336158	14946
88663.543108	86.039690	14947
88664.956661	105.238255	14948
88666.360288	81.157458	14949
88667.710412	100.542085	14950
88669.146314	104.386719	14951
88670.527394	85.853981	14952
88671.928571	82.995580	14953
88673.329386	109.008313	14954
88674.731821	78.502481	14955
88676.104432	96.860569	14956
88677.496718	98.152437	14957
88678.911459	86.569855	14958
88680.296047	90.915382	14959
88681.676590	100.166436	14960
88683.106280	98.625295	14961
88684.461182	97.002752	14962
88685.886074	90.283905	14963
88687.264507	101.213482	14964
88688.685887	86.383371	14965
88690.053070	95.544443	14966
88691.453324	82.639283	14967
88692.858910	102.224670	14968
88694.258084	82.918525	14969
88695.650308	97.873839	14970
88697.051235	76.603794	14971
88698.425298	103.982223	14972
88699.854226	86.984064	14973
88701.215570	96.668505	14974
88702.632038	99.027461	14975
88704.021413	85.240163	14976
88705.408132	89.870664	14977
88706.817105	100.479027	14978
88708.220425	78.899494	14979
88709.593393	100.474746	14980
88711.007403	84.731298	14981
88712.382883	89.357124	14982
88713.795541	90.337898	14983
88715.178107	90.277045	14984
88716.586996	87.301785	14985
88717.963750	97.942108	14986
88719.367212	80.740552	14987
88720.759503	99.219527	14988
88722.164145	81.315170	14989
88723.546532	95.479215	14990
88724.969923	93.732668	14991
88726.343157	87.370528	14992
88727.745592	92.703892	14993
88729.139713	90.091963	14994
88730.530883	83.226764	14995
88731.928788	98.126659	14996
88733.325809	77.639545	14997
88734.717309	102.706532	14998
88736.126118	80.968284	14999
88737.511378	97.888369	15000
88738.913971	79.065534	15001
88740.290367	99.764671	15002
88741.699822	82.044044	15003
88743.094029	95.995006	15004
88744.490581	85.842762	15005
88745.879645	89.580541	15006
88747.289429	88.474052	15007
88748.660850	84.643191	15008
88750.084914	90.093371	15009
88751.455946	93.787215	15010
88752.870874	80.386806	15011
88754.241103	97.336931	15012
88755.658815	79.668763	15013
88757.048413	96.776602	15014
88758.444128	82.991208	15015
88759.834101	87.878493	15016
88761.246772	91.068934	15017
88762.622220	86.541295	15018
88764.030755	81.628893	15019
88765.417971	93.387648	15020
88766.826231	76.544746	15021
88768.211137	95.737095	15022
88769.608968	81.804019	15023
88771.005087	89.135731	15024
88772.399424	86.305481	15025
88773.786968	83.159926	15026
88775.199486	90.790789	15027
88776.576298	84.266042	15028
88777.996212	88.248054	15029
88779.373299	86.773891	15030
88780.790187	87.734537	15031
88782.160842	85.124669	15032
88783.584735	87.111350	15033
88784.946256	83.557690	15034
88786.351417	87.225735	15035
88787.739661	83.485153	15036
88789.152842	87.772296	15037
88790.536212	83.679111	15038
88791.942127	82.594661	15039
88793.331180	90.447807	15040
88794.729749	74.106116	15041
88796.117538	95.280135	15042
88797.531571	75.764577	15043
88798.903051	89.875720	15044
88800.318689	85.342896	15045
88801.696561	81.125612	15046
88803.101305	87.012053	15047
88804.497784	83.411595	15048
88805.889932	78.941932	15049
88807.278009	91.884239	15050
88808.687749	73.937055	15051
88810.072229	91.778798	15052
88811.486441	75.794431	15053
88812.856637	86.751365	15054
88814.273922	81.924983	15055
88815.650279	82.114782	15056
88817.059944	86.456416	15057
88818.442645	78.807661	15058
88819.846754	84.441121	15059
88821.236522	81.913848	15060
88822.640638	80.537637	15061
88824.029802	87.222937	15062
88825.428107	77.652978	15063
88826.817488	88.202225	15064
88828.223576	76.704251	15065
88829.614864	85.619101	15066
88831.008341	79.458368	15067
88832.399948	82.193737	15068
88833.812113	82.324638	15069
88835.192323	80.416575	15070
88836.603647	84.588045	15071
88837.978430	81.639046	15072
88839.401862	80.418571	15073
88840.774967	83.470692	15074
88842.180864	75.729161	15075
88843.559327	86.338918	15076
88844.970044	72.026417	15077
88846.363319	88.952078	15078
88847.762261	73.411982	15079
88849.148404	84.280896	15080
88850.551780	79.688862	15081
88851.933823	77.871313	15082
88853.343325	82.077518	15083
88854.719348	79.412378	15084
88856.140232	77.580392	15085
88857.515522	83.544295	15086
88858.925935	71.646901	15087
88860.307759	87.179628	15088
88861.715614	71.099634	15089
88863.100445	86.323274	15090
88864.500253	72.238933	15091
88865.893306	83.788282	15092
88867.292416	75.654188	15093
88868.687090	78.948938	15094
88870.083630	78.470021	15095
88871.472527	76.381422	15096
88872.877525	79.741053	15097
88874.260534	75.105579	15098
88875.669978	79.801579	15099
88877.055113	74.989485	15100
88878.459000	80.320723	15101
88879.841286	74.223436	15102
88881.246589	78.643707	15103
88882.636266	76.705144	15104
88884.035954	75.462350	15105
88885.431599	81.085516	15106
88886.828629	71.248696	15107
88888.226807	85.117464	15108
88889.621541	68.359468	15109
88891.004110	84.654372	15110
88892.420115	68.328397	15111
88893.793675	83.508291	15112
88895.213238	72.013786	15113
88896.586306	78.615047	15114
88898.003871	76.963534	15115
88899.378194	73.486019	15116
88900.786175	78.358000	15117
88902.169785	73.811028	15118
88903.570999	74.970262	15119
88904.958854	80.829102	15120
88906.365596	68.609677	15121
88907.749331	83.512644	15122
88909.166014	67.380124	15123
88910.539122	81.853917	15124
88911.957120	68.288717	15125
88913.328831	79.863240	15126
88914.747177	71.916511	15127
88916.116592	75.178192	15128
88917.532903	75.168087	15129
88918.913639	73.151352	15130
88920.329895	77.619149	15131
88921.700396	72.095950	15132
88923.115845	77.461235	15133
88924.496791	71.997775	15134
88925.907582	76.078632	15135
88927.289936	71.178207	15136
88928.690844	75.627786	15137
88930.080615	72.167455	15138
88931.482875	75.654104	15139
88932.861236	70.203272	15140
88934.272422	77.195102	15141
88935.661042	70.778054	15142
88937.060622	75.103330	15143
88938.445157	70.729568	15144
88939.858071	75.026556	15145
88941.235543	70.899265	15146
88942.651671	74.737539	15147
88944.027247	71.973164	15148
88945.444758	73.782543	15149
88946.816487	73.625158	15150
88948.233131	70.821319	15151
88949.609521	75.691431	15152
88951.028046	67.079599	15153
88952.399581	78.547076	15154
88953.823268	64.914375	15155
88955.195266	79.358907	15156
88956.600243	64.609082	15157
88957.988671	77.864999	15158
88959.388717	67.966806	15159
88960.783746	72.267901	15160
88962.185116	72.817187	15161
88963.567095	68.292158	15162
88964.979760	74.440241	15163
88966.359866	70.183154	15164
88967.780239	71.521154	15165
88969.143444	73.243784	15166
88970.567484	67.485201	15167
88971.936549	75.700159	15168
88973.353197	63.894766	15169
88974.728634	76.336822	15170
88976.145118	62.720894	15171
88977.522125	77.106800	15172
88978.934352	62.742662	15173
88980.311114	76.874136	15174
88981.722007	63.890920	15175
88983.104078	77.319093	15176
88984.511317	63.877121	15177
88985.901621	75.363101	15178
88987.300888	65.159029	15179
88988.691989	73.953203	15180
88990.089633	66.093806	15181
88991.478157	73.262916	15182
88992.880085	66.034797	15183
88994.274497	69.856000	15184
88995.678192	66.923284	15185
88997.059725	71.516396	15186
88998.463500	65.364205	15187
88999.852057	70.055982	15188
89001.249277	65.721526	15189
89002.645537	69.110010	15190
89004.046137	64.737331	15191
89005.433254	75.334539	15192
89006.835644	63.281127	15193
89008.222368	73.156196	15194
89009.632784	62.832625	15195
89011.014558	74.753772	15196
89012.425092	61.661101	15197
89013.809809	75.179371	15198
89015.212268	60.364612	15199
89016.592012	73.730671	15200
89018.003688	60.575494	15201
89019.385016	74.414116	15202
89020.802393	61.265290	15203
89022.171777	74.394327	15204
89023.593305	62.347535	15205
89024.958234	70.628429	15206
89026.381943	63.173138	15207
89027.749010	66.661426	15208
89029.176196	67.628663	15209
89030.542323	64.558988	15210
89031.960372	70.390957	15211
89033.340342	63.556053	15212
89034.744914	68.711540	15213
89036.140706	65.881502	15214
89037.531868	64.285071	15215
89038.928136	70.982122	15216
89040.328798	60.335643	15217
89041.716305	72.105150	15218
89043.117508	58.984658	15219
89044.505029	72.129422	15220
89045.916502	59.693864	15221
89047.291422	71.457640	15222
89048.711151	59.923505	15223
89050.080369	70.474091	15224
89051.500156	59.631236	15225
89052.871629	70.582469	15226
89054.286787	60.695643	15227
89055.661783	70.308598	15228
89057.088136	59.571305	15229
89058.456270	69.126493	15230
89059.880055	59.996896	15231
89061.248536	72.571703	15232
89062.649229	58.594622	15233
89064.028265	71.652728	15234
89065.445045	58.304930	15235
89066.831977	69.131773	15236
89068.240197	61.102903	15237
89069.625687	65.950066	15238
89071.024030	64.492745	15239
89072.406737	61.644756	15240
89073.821551	66.690667	15241
89075.199894	61.961095	15242
89076.620866	65.889982	15243
89077.985413	64.021086	15244
89079.411521	63.919779	15245
89080.778018	64.678578	15246
89082.200057	61.009618	15247
89083.566915	66.517463	15248
89084.993173	59.729766	15249
89086.364381	66.742022	15250
89087.783951	57.788522	15251
89089.149026	66.667751	15252
89090.575741	57.848737	15253
89091.944550	67.570327	15254
89093.361029	58.260744	15255
89094.731737	67.378836	15256
89096.159476	58.691685	15257
89097.517084	67.286123	15258
89098.947972	59.589154	15259
89100.317246	66.897505	15260
89101.743163	58.931910	15261
89103.110365	63.073314	15262
89104.531412	62.203956	15263
89105.897676	60.769339	15264
89107.319333	64.961102	15265
89108.678149	59.506574	15266
89110.104136	65.207758	15267
89111.483842	59.497178	15268
89112.888870	63.269960	15269
89114.274016	62.312329	15270
89115.677596	58.303488	15271
89117.067883	66.478319	15272
89118.475542	56.159447	15273
89119.853639	67.056306	15274
89121.272109	55.134021	15275
89122.647164	67.100477	15276
89124.060483	55.318756	15277
89125.431980	65.464651	15278
89126.854789	54.851417	15279
89128.220160	65.841629	15280
89129.646400	55.187669	15281
89131.013144	65.557418	15282
89132.433879	54.493947	15283
89133.807645	65.655441	15284
89135.219378	55.028304	15285
89136.601320	66.143920	15286
89138.006988	54.032510	15287
89139.391609	64.317298	15288
89140.795304	56.521790	15289
89142.186454	63.132674	15290
89143.589409	59.130564	15291
89144.976459	57.503330	15292
89146.376426	61.940300	15293
89147.761303	56.542635	15294
89149.173124	62.054700	15295
89150.551362	57.351616	15296
89151.970285	60.554556	15297
89153.335141	58.488971	15298
89154.768970	59.021234	15299
89156.129449	60.390902	15300
89157.557460	57.435751	15301
89158.922036	60.902869	15302
89160.345989	56.863045	15303
89161.711387	61.397101	15304
89163.136799	55.607590	15305
89164.501178	60.132615	15306
89165.931653	56.362242	15307
89167.295917	59.868836	15308
89168.714989	57.567810	15309
89170.079776	58.446162	15310
89171.509308	60.795185	15311
89172.871208	56.705332	15312
89174.302455	60.778663	15313
89175.669520	54.903423	15314
89177.084875	60.061379	15315
89178.467369	55.570032	15316
89179.861069	58.613819	15317
89181.265174	60.998742	15318
89182.646154	53.682257	15319
89184.051899	60.660990	15320
89185.452650	52.394175	15321
89186.846143	62.629542	15322
89188.247964	52.683663	15323
89189.640038	61.953041	15324
89191.030210	52.758949	15325
89192.411525	63.181057	15326
89193.837578	51.609350	15327
89195.201644	62.072434	15328
89196.621274	52.003795	15329
89197.995075	62.575999	15330
89199.411837	52.080462	15331
89200.788295	61.780849	15332
89202.202686	52.222153	15333
89203.582096	61.143287	15334
89204.982746	54.251338	15335
89206.380756	58.395594	15336
89207.780715	56.539924	15337
89209.166488	54.792015	15338
89210.564542	59.851151	15339
89211.947143	53.388462	15340
89213.369180	58.883550	15341
89214.737018	54.466163	15342
89216.162598	57.370870	15343
89217.521336	54.777622	15344
89218.954586	56.009111	15345
89220.321316	56.713042	15346
89221.740915	55.497610	15347
89223.103791	56.058357	15348
89224.539402	56.130120	15349
89225.900285	55.920771	15350
89227.328716	53.599191	15351
89228.685766	54.331570	15352
89230.115243	56.784645	15353
89231.477782	53.312928	15354
89232.901502	56.437082	15355
89234.273754	52.440834	15356
89235.692069	57.595668	15357
89237.077728	52.295171	15358
89238.493452	56.263444	15359
89239.861944	54.153459	15360
89241.265967	54.318632	15361
89242.657991	57.105373	15362
89244.063521	51.095355	15363
89245.447056	59.319564	15364
89246.850866	50.233094	15365
89248.234016	59.188512	15366
89249.647458	50.162626	15367
89251.021923	58.869536	15368
89252.439444	49.464742	15369
89253.812904	59.274367	15370
89255.231321	48.263020	15371
89256.603986	58.237648	15372
89258.018318	49.561204	15373
89259.397079	58.021703	15374
89260.809495	50.882784	15375
89262.189352	57.186776	15376
89263.593583	52.352513	15377
89264.979586	54.480995	15378
89266.385770	53.949682	15379
89267.773391	51.967553	15380
89269.180457	55.390216	15381
89270.555126	50.747722	15382
89271.973745	56.001502	15383
89273.343871	50.733929	15384
89274.770741	55.757487	15385
89276.132507	51.566692	15386
89277.559432	54.564456	15387
89278.926447	53.439901	15388
89280.352187	54.235987	15389
89281.720238	52.750396	15390
89283.153795	51.800365	15391
89284.505633	51.746623	15392
89285.934643	55.534144	15393
89287.304209	51.477398	15394
89288.721094	56.057627	15395
89290.089302	50.680631	15396
89291.520491	54.919931	15397
89292.886394	49.627216	15398
89294.291755	54.105700	15399
89295.682437	51.361195	15400
89297.082656	51.224464	15401
89298.474981	54.033309	15402
89299.877255	50.407885	15403
89301.258393	54.326765	15404
89302.667832	49.525816	15405
89304.042879	57.035682	15406
89305.466303	47.669338	15407
89306.842790	56.604291	15408
89308.250181	46.805023	15409
89309.631165	54.535239	15410
89311.042978	47.461196	15411
89312.420904	53.618705	15412
89313.834333	48.155686	15413
89315.215610	55.520205	15414
89316.624393	48.866007	15415
89318.006982	54.479795	15416
89319.418861	49.717976	15417
89320.798980	51.266214	15418
89322.199137	52.596532	15419
89323.580020	47.748089	15420
89324.997984	53.792217	15421
89326.369326	48.065498	15422
89327.783145	54.256931	15423
89329.166404	48.815895	15424
89330.597383	54.032082	15425
89331.954181	49.885230	15426
89333.373598	51.650814	15427
89334.743502	48.071989	15428
89336.162769	51.757153	15429
89337.527405	47.330632	15430
89338.956693	51.312664	15431
89340.322252	48.036982	15432
89341.746806	53.862208	15433
89343.111758	46.853418	15434
89344.536722	53.115787	15435
89345.907262	47.003063	15436
89347.325948	52.375744	15437
89348.704468	47.971060	15438
89350.109737	51.486001	15439
89351.499493	50.418104	15440
89352.900804	48.707089	15441
89354.287164	51.954804	15442
89355.691021	46.965324	15443
89357.076649	53.622956	15444
89358.489853	46.143197	15445
89359.867161	53.803079	15446
89361.280401	45.642938	15447
89362.656565	52.851551	15448
89364.069321	46.146093	15449
89365.447563	52.995773	15450
89366.857063	46.270571	15451
89368.244063	51.736139	15452
89369.649431	47.619315	15453
89371.033899	51.182997	15454
89372.442869	47.908831	15455
89373.827818	49.175008	15456
89375.229917	49.667581	15457
89376.613674	46.463242	15458
89378.025221	50.706618	15459
89379.391258	45.461806	15460
89380.819658	51.235234	15461
89382.180554	46.191068	15462
89383.611834	51.983816	15463
89384.975046	46.566063	15464
89386.405066	51.015109	15465
89387.768845	47.030658	15466
89389.195261	50.731543	15467
89390.557062	45.474440	15468
89391.985131	49.377782	15469
89393.349287	44.840374	15470
89394.769197	51.433171	15471
89396.141541	44.917045	15472
89397.561250	50.745583	15473
89398.935735	44.595129	15474
89400.349151	50.652621	15475
89401.729753	46.599853	15476
89403.132613	47.539515	15477
89404.527877	49.747771	15478
89405.924812	45.905242	15479
89407.314011	49.706640	15480
89408.719596	45.191491	15481
89410.098080	50.799450	15482
89411.518706	44.565137	15483
89412.889647	51.746435	15484
89414.304318	43.563318	15485
89415.683724	50.719502	15486
89417.095375	43.841403	15487
89418.473221	50.183019	15488
89419.882193	44.197016	15489
89421.267686	49.321601	15490
89422.673853	45.468218	15491
89424.058654	48.446771	15492
89425.466782	47.287758	15493
89426.849631	45.842176	15494
89428.260841	47.969315	15495
89429.638657	44.101302	15496
89431.049819	48.041138	15497
89432.423388	43.315996	15498
89433.845654	48.897902	15499
89435.212584	44.062101	15500
89436.636677	49.673775	15501
89438.006308	45.148385	15502
89439.429208	49.633068	15503
89440.785593	43.796773	15504
89442.227505	48.507529	15505
89443.583086	43.461735	15506
89445.009109	47.073840	15507
89446.374729	42.835052	15508
89447.791843	49.131960	15509
89449.166311	43.153727	15510
89450.584814	49.362545	15511
89451.959483	43.801738	15512
89453.371412	47.344351	15513
89454.756211	44.754002	15514
89456.163282	44.970450	15515
89457.554645	47.510329	15516
89458.950715	43.623003	15517
89460.336556	46.722545	15518
89461.748209	43.682294	15519
89463.123732	48.699720	15520
89464.539879	42.304452	15521
89465.914626	49.629511	15522
89467.330747	41.311747	15523
89468.707382	47.840804	15524
89470.132184	43.020284	15525
89471.513320	50.396127	15526
89472.897103	42.703080	15527
89474.290795	45.832746	15528
89475.703052	44.548886	15529
89477.079749	45.684880	15530
89478.491453	45.747760	15531
89479.877335	42.717518	15532
89481.279052	47.407259	15533
89482.658721	41.795534	15534
89484.078782	46.998491	15535
89485.445029	42.120928	15536
89486.871388	47.383921	15537
89488.242366	42.164790	15538
89489.664093	47.264954	15539
89491.022862	42.557114	15540
89492.454561	47.759953	15541
89493.817826	42.339636	15542
89495.246348	47.865982	15543
89496.613478	40.626365	15544
89498.033264	46.133564	15545
89499.400307	41.030688	15546
89500.815640	47.336929	15547
89502.194706	41.735730	15548
89503.605123	46.740224	15549
89504.993621	42.808105	15550
89506.395542	44.546874	15551
89507.781356	45.470489	15552
89509.184517	41.897136	15553
89510.575193	46.655327	15554
89511.976138	41.023797	15555
89513.363817	47.428008	15556
89514.771015	42.238021	15557
89516.140122	47.126747	15558
89517.570404	42.243080	15559
89518.938346	47.685101	15560
89520.351573	41.176912	15561
89521.743433	43.299447	15562
89523.142955	41.069464	15563
89524.529706	46.783752	15564
89525.924246	41.111354	15565
89527.320037	43.124584	15566
89528.722650	44.498077	15567
89530.106719	41.200460	15568
89531.518787	43.807463	15569
89532.896841	41.149000	15570
89534.314976	44.985232	15571
89535.678519	39.717851	15572
89537.104125	45.028293	15573
89538.467165	40.115982	15574
89539.896364	45.309043	15575
89541.255584	40.986722	15576
89542.686624	46.253128	15577
89544.053564	39.909748	15578
89545.480234	44.762799	15579
89546.841512	39.933667	15580
89548.277174	46.727517	15581
89549.639181	40.080998	15582
89551.053589	44.486975	15583
89552.435059	39.562096	15584
89553.840603	45.266671	15585
89555.227158	41.033443	15586
89556.630931	43.087864	15587
89558.014935	43.590923	15588
89559.421600	39.682225	15589
89560.804597	44.736255	15590
89562.218007	39.940437	15591
89563.601880	44.780774	15592
89565.006913	39.682403	15593
89566.388671	43.572447	15594
89567.801576	39.705775	15595
89569.171896	44.918175	15596
89570.588359	39.854799	15597
89571.969557	45.046355	15598
89573.379230	39.116087	15599
89574.766738	44.082681	15600
89576.168111	40.582691	15601
89577.558991	41.339158	15602
89578.955536	43.335718	15603
89580.342219	40.025980	15604
89581.752802	43.654197	15605
89583.130369	38.991834	15606
89584.546642	42.760902	15607
89585.911978	38.139522	15608
89587.345436	42.695557	15609
89588.704332	37.996320	15610
89590.131946	44.429597	15611
89591.495650	38.805703	15612
89592.926074	43.854910	15613
89594.283966	38.894948	15614
89595.716270	44.184023	15615
89597.074658	38.178207	15616
89598.491183	43.092566	15617
89599.878018	37.286994	15618
89601.290113	43.418663	15619
89602.657472	38.766988	15620
89604.073232	43.150991	15621
89605.460810	40.450404	15622
89606.868488	40.389056	15623
89608.249801	41.796993	15624
89609.653923	40.027899	15625
89611.047783	43.405004	15626
89612.445418	38.864979	15627
89613.829837	43.484632	15628
89615.236003	37.554556	15629
89616.615984	43.224759	15630
89618.037623	38.646960	15631
89619.412321	43.003609	15632
89620.823572	38.539697	15633
89622.207849	43.153517	15634
89623.607667	39.300994	15635
89624.994298	41.631176	15636
89626.401787	39.842905	15637
89627.789000	39.432294	15638
89629.197526	41.814628	15639
89630.576241	38.626205	15640
89631.991873	42.445063	15641
89633.364001	37.421113	15642
89634.786114	42.034571	15643
89636.152417	37.362864	15644
89637.577998	42.004674	15645
89638.941757	37.096823	15646
89640.370971	41.680890	15647
89641.734232	36.532388	15648
89643.159208	43.430176	15649
89644.520749	36.993367	15650
89645.945932	42.601085	15651
89647.308507	36.663030	15652
89648.737342	41.939822	15653
89650.109382	37.141014	15654
89651.519701	41.020833	15655
89652.911253	37.407916	15656
89654.306773	40.264396	15657
89655.694841	38.226367	15658
89657.101946	39.872387	15659
89658.485338	41.755429	15660
89659.902715	36.585512	15661
89661.274551	40.893800	15662
89662.684844	37.405828	15663
89664.066809	41.071630	15664
89665.472267	37.155939	15665
89666.858470	41.101171	15666
89668.266679	37.117383	15667
89669.643781	40.516411	15668
89671.057398	37.820542	15669
89672.435755	40.653973	15670
89673.845448	38.541127	15671
89675.231455	39.091845	15672
89676.631489	38.854114	15673
89678.018612	37.158174	15674
89679.427506	39.929080	15675
89680.811617	36.372293	15676
89682.225438	40.575837	15677
89683.591073	35.358351	15678
89685.025510	40.911201	15679
89686.377068	34.882497	15680
89687.822680	40.479098	15681
89689.158639	35.870192	15682
89690.606331	39.634460	15683
89691.957303	35.851378	15684
89693.379137	40.601591	15685
89694.750686	34.516604	15686
89696.183961	41.046622	15687
89697.550810	34.951560	15688
89698.967263	41.621167	15689
89700.346191	35.825831	15690
89701.757265	38.604034	15691
89703.135925	37.407200	15692
89704.537748	38.052534	15693
89705.929505	37.642837	15694
89707.333952	37.700790	15695
89708.723386	39.072702	15696
89710.130718	37.378815	15697
89711.509406	39.925302	15698
89712.927887	36.519497	15699
89714.299442	40.284623	15700
89715.712781	35.215180	15701
89717.091730	39.978139	15702
89718.502403	35.736994	15703
89719.888826	38.619035	15704
89721.292210	37.734905	15705
89722.679776	37.967026	15706
89724.074582	39.072324	15707
89725.465679	37.000967	15708
89726.878585	39.760471	15709
89728.253096	35.999496	15710
89729.666269	38.725600	15711
89731.044970	34.573460	15712
89732.458787	37.453701	15713
89733.830546	33.233582	15714
89735.249211	41.067334	15715
89736.613464	34.783407	15716
89738.032521	41.546389	15717
89739.409727	35.130463	15718
89740.836728	43.847544	15719
89742.199491	34.304948	15720
89743.627169	39.459420	15721
89744.994063	32.516803	15722
89746.394123	38.293471	15723
89747.786443	33.610597	15724
89749.195145	40.954194	15725
89750.584245	32.630759	15726
89751.989235	40.064533	15727
89753.373903	36.688922	15728
89754.780556	36.021594	15729
89756.165636	38.542888	15730
89757.571003	34.597969	15731
89758.960411	38.392500	15732
89760.361208	34.721833	15733
89761.740360	37.952579	15734
89763.153112	35.190649	15735
89764.536668	37.935115	15736
89765.946642	35.756927	15737
89767.323241	37.943145	15738
89768.735372	36.008253	15739
89770.114473	38.369728	15740
89771.524528	35.433920	15741
89772.914526	36.524129	15742
89774.317414	36.447966	15743
89775.699979	34.605780	15744
89777.099582	37.931958	15745
89778.489843	33.674755	15746
89779.900365	38.142612	15747
89781.276070	32.978753	15748
89782.694778	38.757353	15749
89784.061192	33.475419	15750
89785.491603	38.847056	15751
89786.856394	32.497734	15752
89788.280293	36.845455	15753
89789.644575	32.962269	15754
89791.072809	37.572692	15755
89792.438155	32.979006	15756
89793.856974	38.284714	15757
89795.231355	33.745822	15758
89796.637251	39.524225	15759
89798.025444	33.961316	15760
89799.426129	36.343213	15761
89800.825559	37.018741	15762
89802.225572	32.609072	15763
89803.625665	36.966084	15764
89805.003161	33.002019	15765
89806.387563	36.706443	15766
89807.802647	34.580750	15767
89809.180317	36.072234	15768
89810.599940	36.333234	15769
89811.973035	38.009783	15770
89813.396045	34.470921	15771
89814.775235	37.008257	15772
89816.179764	33.886090	15773
89817.562957	36.140234	15774
89818.970679	35.996318	15775
89820.355588	34.892161	15776
89821.755530	35.634357	15777
89823.144554	33.212603	15778
89824.546054	37.489723	15779
89825.932964	32.667554	15780
89827.349445	38.880684	15781
89828.719801	33.032191	15782
89830.140147	37.252920	15783
89831.511156	31.894432	15784
89832.934211	36.090101	15785
89834.296583	32.167577	15786
89835.720858	37.339260	15787
89837.089690	31.803989	15788
89838.507350	37.436780	15789
89839.881617	31.470333	15790
89841.301272	38.364653	15791
89842.679854	33.344284	15792
89844.085839	35.500208	15793
89845.473190	33.524537	15794
89846.868410	34.680432	15795
89848.265237	34.262383	15796
89849.667922	35.737654	15797
89851.049657	34.991226	15798
89852.460229	33.980808	15799
89853.834481	36.208694	15800
89855.250275	33.613548	15801
89856.635217	36.788930	15802
89858.041027	32.477951	15803
89859.421064	36.316009	15804
89860.826552	33.291774	15805
89862.215388	33.804637	15806
89863.615500	33.521078	15807
89865.008269	34.189125	15808
89866.409649	33.447934	15809
89867.790664	33.338601	15810
89869.204460	34.190955	15811
89870.575622	33.185888	15812
89871.983374	35.061186	15813
89873.377648	30.514474	15814
89874.780378	36.752832	15815
89876.165190	31.269640	15816
89877.580274	36.074927	15817
89878.945159	31.243118	15818
89880.374410	37.428306	15819
89881.736954	31.120075	15820
89883.161677	34.158333	15821
89884.536450	30.438032	15822
89885.947277	34.803854	15823
89887.328739	30.771817	15824
89888.738679	35.649935	15825
89890.120897	31.603873	15826
89891.520256	35.778243	15827
89892.918461	32.747018	15828
89894.318602	33.533888	15829
89895.708468	34.234437	15830
89897.109906	32.828053	15831
89898.496610	34.969379	15832
89899.899222	33.129644	15833
89901.282665	34.625892	15834
89902.701548	31.828844	15835
89904.077536	34.297086	15836
89905.485415	32.871503	15837
89906.862599	34.383788	15838
89908.282958	32.729875	15839
89909.659412	35.648700	15840
89911.068794	33.212881	15841
89912.445927	34.500763	15842
89913.853474	34.169979	15843
89915.242158	32.123443	15844
89916.638104	35.002779	15845
89918.026688	30.069850	15846
89919.439894	35.158820	15847
89920.818675	30.584365	15848
89922.231745	34.545086	15849
89923.603277	31.326195	15850
89925.025884	36.063099	15851
89926.402161	30.244646	15852
89927.817516	35.518880	15853
89929.185121	29.459542	15854
89930.596271	34.893154	15855
89931.980368	29.930545	15856
89933.392641	34.369812	15857
89934.777174	30.838171	15858
89936.190349	35.135161	15859
89937.567283	30.334496	15860
89938.974348	34.116432	15861
89940.358443	32.562982	15862
89941.751155	30.246203	15863
89943.154544	31.813494	15864
89944.552945	33.601872	15865
89945.936602	31.131954	15866
89947.340393	28.913037	15867
89948.731021	32.958001	15868
89950.130667	32.368795	15869
89951.519095	33.564408	15870
89952.926025	32.615286	15871
89954.311516	30.819057	15872
89955.713417	32.904142	15873
89957.104675	31.990866	15874
89958.508694	32.265643	15875
89959.891218	32.134209	15876
89961.294650	33.221545	15877
89962.678146	31.227057	15878
89964.091658	33.721050	15879
89965.473306	31.207164	15880
89966.882578	33.611140	15881
89968.260560	29.826556	15882
89969.673411	34.079808	15883
89971.054088	29.294016	15884
89972.466869	33.997761	15885
89973.839157	29.605572	15886
89975.257604	34.724979	15887
89976.629836	30.074091	15888
89978.048393	34.177334	15889
89979.425557	29.956875	15890
89980.842583	34.683918	15891
89982.217416	31.176703	15892
89983.632650	32.900120	15893
89985.019780	32.033170	15894
89986.430995	32.242916	15895
89987.804380	33.494915	15896
89989.202701	30.976036	15897
89990.587718	32.498909	15898
89991.996391	31.592463	15899
89993.382075	32.729273	15900
89994.788285	31.576589	15901
89996.174918	31.897243	15902
89997.583690	31.865668	15903
89998.957287	32.002865	15904
90000.372891	30.234575	15905
90001.747081	32.352401	15906
90003.159165	31.459655	15907
90004.551657	32.226063	15908
90005.947155	31.411252	15909
90007.337067	29.927989	15910
90008.742471	34.608561	15911
90010.130376	30.023874	15912
90011.533963	33.675213	15913
90012.916006	30.870556	15914
90014.322096	33.192877	15915
90015.702163	29.104196	15916
90017.124165	32.622656	15917
90018.485929	30.220792	15918
90019.899683	37.543500	15919
90021.283814	30.066993	15920
90022.690344	30.238325	15921
90024.071067	29.800597	15922
90025.476803	33.755896	15923
90026.865984	31.434595	15924
90028.287490	30.802214	15925
90029.675401	32.815103	15926
90031.054470	29.930891	15927
90032.461254	30.386210	15928
90033.856575	32.120902	15929
90035.247321	31.315275	15930
90036.646307	31.041101	15931
90038.022451	32.444643	15932
90039.441823	30.075660	15933
90040.826234	32.620301	15934
90042.236460	29.885723	15935
90043.612321	32.504257	15936
90045.018698	30.549470	15937
90046.410638	31.242156	15938
90047.810924	31.972012	15939
90049.198762	31.402833	15940
90050.597658	30.735698	15941
90051.991056	30.228575	15942
90053.394994	32.578038	15943
90054.778947	29.487087	15944
90056.186264	32.496234	15945
90057.568009	29.283120	15946
90058.976662	32.374466	15947
90060.359750	27.872658	15948
90061.765873	31.185067	15949
90063.148383	28.620138	15950
90064.564440	32.542258	15951
90065.936665	28.430591	15952
90067.353610	31.747490	15953
90068.728475	28.681737	15954
90070.137566	31.652574	15955
90071.524835	28.784313	15956
90072.923688	30.526169	15957
90074.316634	28.316429	15958
90075.717366	31.622218	15959
90077.108360	29.672764	15960
90078.517692	30.716806	15961
90079.893814	30.514787	15962
90081.301609	30.377158	15963
90082.685844	29.697593	15964
90084.093407	29.179006	15965
90085.478284	31.425879	15966
90086.878754	29.138464	15967
90088.269382	30.961096	15968
90089.671076	29.786744	15969
90091.059888	30.234884	15970
90092.465129	30.431741	15971
90093.848272	31.175023	15972
90095.256881	29.742044	15973
90096.643648	29.791076	15974
90098.051494	30.790122	15975
90099.433533	29.570912	15976
90100.832452	30.147727	15977
90102.221293	29.678292	15978
90103.632468	31.611350	15979
90105.011256	28.676586	15980
90106.428313	31.251595	15981
90107.798951	28.174595	15982
90109.214569	30.992440	15983
90110.587267	27.033311	15984
90112.001498	31.036701	15985
90113.379840	27.571878	15986
90114.795318	30.818176	15987
90116.174379	27.992822	15988
90117.577509	31.288256	15989
90118.969219	27.583125	15990
90120.370398	31.778037	15991
90121.757849	27.751751	15992
90123.168826	31.599730	15993
90124.548314	28.589059	15994
90125.955156	29.320645	15995
90127.339413	29.761619	15996
90128.745869	30.556594	15997
90130.128960	30.406317	15998
90131.541275	29.651941	15999
90132.921370	30.104755	16000
90134.326105	29.928242	16001
90135.713795	29.039182	16002
90137.121444	29.400247	16003
90138.505981	30.187928	16004
90139.911791	28.709448	16005
90141.296275	29.795632	16006
90142.693747	29.050821	16007
90144.084608	28.178371	16008
90145.488886	30.538585	16009
90146.875853	27.992868	16010
90148.281427	31.036894	16011
90149.661410	27.391750	16012
90151.079488	30.993445	16013
90152.450625	28.297115	16014
90153.866263	30.021720	16015
90155.247586	27.742615	16016
90156.652195	29.069789	16017
90158.035291	26.159901	16018
90159.446098	31.639793	16019
90160.823305	26.975925	16020
90162.234979	31.094417	16021
90163.617255	27.394208	16022
90165.031702	30.014146	16023
90166.408971	29.181840	16024
90167.815116	29.250588	16025
90169.202001	29.322064	16026
90170.601480	28.644645	16027
90171.996762	28.285752	16028
90173.398184	29.477067	16029
90174.780514	28.847817	16030
90176.189692	28.966644	16031
90177.570471	30.182386	16032
90178.987618	28.386659	16033
90180.367224	29.597058	16034
90181.773580	27.715501	16035
90183.157049	29.956266	16036
90184.554935	30.034359	16037
90185.942856	28.499604	16038
90187.348707	28.705050	16039
90188.730454	27.646120	16040
90190.142362	29.281076	16041
90191.518471	27.480849	16042
90192.935225	28.671046	16043
90194.317412	27.293434	16044
90195.718056	31.057522	16045
90197.104136	27.541791	16046
90198.514797	28.859983	16047
90199.896014	25.796363	16048
90201.299464	29.565386	16049
90202.690539	25.786519	16050
90204.093843	31.563610	16051
90205.478055	27.013647	16052
90206.891326	31.403750	16053
90208.266635	26.963590	16054
90209.674052	29.936300	16055
90211.061941	28.394206	16056
90212.467398	27.734643	16057
90213.857647	28.766287	16058
90215.252879	27.959026	16059
90216.650457	28.291965	16060
90218.046669	28.967451	16061
90219.436195	30.235150	16062
90220.847338	28.442714	16063
90222.223814	29.018633	16064
90223.626453	27.587297	16065
90225.018936	28.053540	16066
90226.429009	28.059576	16067
90227.806878	31.293178	16068
90229.206742	27.624741	16069
90230.611833	28.550358	16070
90231.997386	29.852838	16071
90233.384902	26.808071	16072
90234.782691	28.714414	16073
90236.179747	26.491991	16074
90237.580191	27.622793	16075
90238.965860	26.548498	16076
90240.376332	27.935230	16077
90241.754453	26.308033	16078
90243.162700	30.131399	16079
90244.542864	25.376534	16080
90245.959409	30.120685	16081
90247.332306	24.808211	16082
90248.753551	29.508707	16083
90250.135174	26.511378	16084
90251.545867	28.680879	16085
90252.923770	28.523534	16086
90254.332733	27.152860	16087
90255.719870	30.369971	16088
90257.111179	27.635183	16089
90258.505638	26.326956	16090
90259.906768	27.908102	16091
90261.299245	28.462208	16092
90262.704312	27.582990	16093
90264.082964	28.989638	16094
90265.483942	26.716347	16095
90266.872542	26.186380	16096
90268.283775	28.774003	16097
90269.665729	29.091620	16098
90271.071611	29.685027	16099
90272.451670	26.493463	16100
90273.864341	28.120347	16101
90275.251781	28.443788	16102
90276.653106	25.251801	16103
90278.046972	27.565772	16104
90279.441541	26.394991	16105
90280.832083	26.483758	16106
90282.233646	28.142298	16107
90283.619908	24.242286	16108
90285.027492	31.214023	16109
90286.402192	24.900288	16110
90287.819094	27.348190	16111
90289.202747	24.959249	16112
90290.607406	26.181294	16113
90291.993979	24.843328	16114
90293.399790	27.286726	16115
90294.781548	26.011541	16116
90296.186469	29.311802	16117
90297.582585	26.621332	16118
90298.982801	27.596884	16119
90300.369913	26.525155	16120
90301.768288	27.215236	16121
90303.159257	27.350983	16122
90304.563269	27.458310	16123
90305.948577	27.578923	16124
90307.354039	26.209677	16125
90308.747227	28.125287	16126
90310.142623	27.562220	16127
90311.533068	27.150343	16128
90312.930773	28.124014	16129
90314.316099	27.242436	16130
90315.728373	25.653115	16131
90317.109340	28.455466	16132
90318.519975	25.639326	16133
90319.905373	27.178534	16134
90321.303335	27.361773	16135
90322.696452	25.345482	16136
90324.097478	29.015968	16137
90325.486054	26.747757	16138
90326.888528	27.721619	16139
90328.277714	25.506811	16140
90329.678226	28.842527	16141
90331.062123	26.015397	16142
90332.470984	27.106505	16143
90333.855265	26.004509	16144
90335.261053	28.002399	16145
90336.643942	24.932904	16146
90338.053130	28.771378	16147
90339.432035	23.576324	16148
90340.837704	26.480792	16149
90342.227533	25.164629	16150
90343.625254	25.549002	16151
90345.022172	24.674221	16152
90346.410632	28.893066	16153
90347.806348	27.533214	16154
90349.208292	28.186673	16155
90350.596261	24.754336	16156
90352.003405	26.440245	16157
90353.392108	27.482147	16158
90354.790585	26.090238	16159
90356.180008	25.081471	16160
90357.577932	24.177608	16161
90358.978843	24.089917	16162
90360.369235	28.334589	16163
90361.753557	26.422317	16164
90363.164873	24.975118	16165
90364.556018	26.339713	16166
90365.961276	26.434100	16167
90367.349660	23.868025	16168
90368.754161	29.071514	16169
90370.139567	24.907560	16170
90371.538486	27.003299	16171
90372.926661	25.599530	16172
90374.326104	26.370928	16173
90375.713366	24.544859	16174
90377.114283	27.622654	16175
90378.501488	23.719392	16176
90379.913906	28.751492	16177
90381.292040	23.902275	16178
90382.706414	27.001527	16179
90384.091765	24.737885	16180
90385.495293	25.787504	16181
90386.883090	24.982538	16182
90388.277341	27.969943	16183
90389.672176	25.186375	16184
90391.072978	27.146354	16185
90392.463674	24.934068	16186
90393.868876	26.472361	16187
90395.247412	25.949179	16188
90396.660352	23.949992	16189
90398.043257	28.047191	16190
90399.453440	24.659187	16191
90400.833134	26.443062	16192
90402.238002	26.034475	16193
90403.612907	24.973798	16194
90405.022987	27.950602	16195
90406.404006	23.318537	16196
90407.833587	22.600497	16197
90409.210483	28.282072	16198
90410.613087	22.384977	16199
90412.004185	28.727595	16200
90413.385158	24.258868	16201
90414.802455	28.389226	16202
90416.186169	23.441758	16203
90417.577774	25.259492	16204
90418.985304	27.096618	16205
90420.361261	25.061446	16206
90421.775911	27.157608	16207
90423.155726	24.504830	16208
90424.575767	27.545470	16209
90425.953548	25.948346	16210
90427.359946	25.931195	16211
90428.739718	24.158875	16212
90430.141769	26.547338	16213
90431.533023	24.782519	16214
90432.923991	26.350521	16215
90434.319653	24.637648	16216
90435.723480	24.860657	16217
90437.114002	26.637071	16218
90438.513376	23.873405	16219
90439.909434	26.807183	16220
90441.306833	25.748129	16221
90442.685302	24.719992	16222
90444.105233	26.234933	16223
90445.481019	25.458795	16224
90446.887479	24.952308	16225
90448.275188	25.330272	16226
90449.679599	23.602007	16227
90451.067039	26.286861	16228
90452.469957	22.955092	16229
90453.862799	25.506638	16230
90455.257281	26.391837	16231
90456.650769	24.387867	16232
90458.051470	27.857717	16233
90459.438526	24.599382	16234
90460.846875	28.060792	16235
90462.229677	24.827846	16236
90463.625508	24.794185	16237
90465.025187	24.843012	16238
90466.420410	25.265452	16239
90467.806934	22.925977	16240
90469.210564	27.139395	16241
90470.595487	22.361843	16242
90472.006483	28.061795	16243
90473.383572	23.753242	16244
90474.794866	24.670292	16245
90476.184664	23.872914	16246
90477.582497	26.769919	16247
90478.970772	24.875828	16248
90480.368232	24.884803	16249
90481.769489	26.004488	16250
90483.165407	25.085047	16251
90484.559561	24.778042	16252
90485.952574	26.072250	16253
90487.336293	23.459850	16254
90488.756117	24.958273	16255
90490.133653	25.353541	16256
90491.541157	24.222136	16257
90492.918921	25.380175	16258
90494.326115	23.852363	16259
90495.716037	24.703212	16260
90497.117429	24.756881	16261
90498.509961	24.652161	16262
90499.906069	24.871509	16263
90501.297195	23.899200	16264
90502.699772	25.019682	16265
90504.087041	23.820677	16266
90505.491179	25.406842	16267
90506.877004	23.553640	16268
90508.283416	25.595547	16269
90509.669218	22.921970	16270
90511.073909	25.076296	16271
90512.458751	21.967107	16272
90513.867540	27.505928	16273
90515.252658	23.057173	16274
90516.649346	24.660040	16275
90518.036854	26.242874	16276
90519.462492	24.981535	16277
90520.830496	24.410119	16278
90522.227540	28.226239	16279
90523.629395	22.430290	16280
90525.001409	26.394452	16281
90526.413298	23.028696	16282
90527.812119	24.923359	16283
90529.201433	23.385966	16284
90530.614088	27.123859	16285
90531.989396	26.053708	16286
90533.407163	24.729936	16287
90534.783459	25.026425	16288
90536.192684	22.897678	16289
90537.571998	25.513009	16290
90538.980253	24.645897	16291
90540.364578	24.330520	16292
90541.770128	23.956011	16293
90543.161868	23.165000	16294
90544.564319	25.758047	16295
90545.958121	24.564844	16296
90547.344079	31.566785	16297
90548.729387	24.027267	16298
90550.136869	27.698265	16299
90551.517976	24.187623	16300
90552.926909	26.076490	16301
90554.320140	27.088175	16302
90555.704935	21.660142	16303
90557.116020	23.491083	16304
90558.520667	23.979203	16305
90559.906014	23.160763	16306
90561.310843	24.847976	16307
90562.685638	22.152078	16308
90564.106601	26.679223	16309
90565.486101	23.138407	16310
90566.903348	28.814302	16311
90568.277266	23.547072	16312
90569.667192	19.645697	16313
90571.070184	23.477164	16314
90572.459785	26.340807	16315
90573.852529	24.553499	16316
90575.255144	23.691937	16317
90576.636622	23.530392	16318
90578.060370	22.662858	16319
90579.438195	24.516225	16320
90580.837027	21.791887	16321
90582.218703	20.601934	16322
90583.622455	25.225942	16323
90585.006048	22.348577	16324
90586.417098	24.735123	16325
90587.807186	21.650884	16326
90589.208560	25.104878	16327
90590.598741	24.022661	16328
90592.007611	21.136542	16329
90593.396892	23.970293	16330
90594.787230	24.736232	16331
90596.186090	22.136798	16332
90597.575764	24.353988	16333
90598.971739	20.198110	16334
90600.373058	25.954154	16335
90601.759639	21.171729	16336
90603.166892	24.643018	16337
90604.550421	22.551215	16338
90605.958588	22.832040	16339
90607.342408	23.754862	16340
90608.744875	23.086376	16341
90610.136384	21.980532	16342
90611.531239	25.611261	16343
90612.924728	20.990111	16344
90614.323578	23.525183	16345
90615.717849	23.367007	16346
90617.120460	22.903763	16347
90618.505455	25.280349	16348
90619.905396	22.595007	16349
90621.293400	21.965156	16350
90622.697763	24.135164	16351
90624.084710	20.749550	16352
90625.491078	22.748756	16353
90626.881936	22.573101	16354
90628.283519	23.063429	16355
90629.656664	23.075198	16356
90631.074994	24.241164	16357
90632.446882	22.947109	16358
90633.867472	26.026959	16359
90635.243746	23.422775	16360
90636.656550	23.971848	16361
90638.045994	23.450315	16362
90639.436126	22.586229	16363
90640.836019	21.956646	16364
90642.232445	25.395639	16365
90643.619550	21.376999	16366
90645.022060	24.785160	16367
90646.404064	20.863252	16368
90647.823406	25.500784	16369
90649.201901	23.015641	16370
90650.596460	21.622734	16371
90651.999474	22.228025	16372
90653.390387	20.975613	16373
90654.796857	23.200817	16374
90656.177364	20.553097	16375
90657.587101	24.423010	16376
90658.968662	24.202942	16377
90660.362151	22.044895	16378
90661.764143	22.992955	16379
90663.159883	20.649725	16380
90664.549452	22.430124	16381
90665.954508	22.678133	16382
90667.345350	23.295401	16383
90668.739070	24.399124	16384
90670.144236	22.685027	16385
90671.521377	22.732384	16386
90672.936707	23.370075	16387
90674.315649	23.437672	16388
90675.718371	22.217150	16389
90677.110274	24.403293	16390
90678.504455	22.188981	16391
90679.906709	23.807345	16392
90681.300629	22.509829	16393
90682.691840	21.722348	16394
90684.092034	23.196076	16395
90685.482328	21.512465	16396
90686.887619	23.815341	16397
90688.272913	19.998281	16398
90689.675832	23.265759	16399
90691.065483	20.730591	16400
90692.466116	22.232536	16401
90693.848279	22.722018	16402
90695.251364	22.461481	16403
90696.640463	21.135645	16404
90698.053006	23.524720	16405
90699.436611	21.665070	16406
90700.836531	23.513279	16407
90702.230274	21.439319	16408
90703.625370	22.390698	16409
90705.016770	24.486981	16410
90706.419356	21.809097	16411
90707.808048	23.935685	16412
90709.213038	22.954030	16413
90710.595082	21.534270	16414
90712.005061	23.273436	16415
90713.389961	21.717978	16416
90714.795616	21.991029	16417
90716.179782	23.273958	16418
90717.583774	19.905436	16419
90718.974091	23.589013	16420
90720.370036	21.432927	16421
90721.758566	20.505942	16422
90723.173996	24.914141	16423
90724.554208	22.383021	16424
90725.950009	24.905731	16425
90727.345838	20.024595	16426
90728.740263	21.994086	16427
90730.134394	22.408586	16428
90731.536032	21.305753	16429
90732.920041	22.021450	16430
90734.322463	24.526796	16431
90735.713600	20.801692	16432
90737.113469	25.218616	16433
90738.505445	20.258806	16434
90739.905954	24.060143	16435
90741.298372	20.320921	16436
90742.698796	23.156638	16437
90744.084885	21.705693	16438
90745.483195	20.505325	16439
90746.884176	22.456144	16440
90748.269643	22.298032	16441
90749.662607	20.551415	16442
90751.070191	21.771173	16443
90752.452969	21.008447	16444
90753.858577	22.922427	16445
90755.245240	22.628399	16446
90756.652131	20.838870	16447
90758.034598	22.948130	16448
90759.440240	20.821141	16449
90760.831331	22.194923	16450
90762.230124	21.243111	16451
90763.619949	20.346458	16452
90765.020255	22.394156	16453
90766.407647	21.126695	16454
90767.812014	22.364498	16455
90769.203267	22.911739	16456
90770.603390	19.634932	16457
90771.993769	22.701002	16458
90773.393051	20.668308	16459
90774.782537	22.432501	16460
90776.178836	20.966942	16461
90777.578636	20.608366	16462
90778.968986	23.927244	16463
90780.363172	19.242968	16464
90781.769652	24.022012	16465
90783.154276	21.454901	16466
90784.554946	20.710370	16467
90785.947771	21.145982	16468
90787.347601	20.886150	16469
90788.737326	21.769248	16470
90790.132081	22.175762	16471
90791.533912	19.501163	16472
90792.924876	23.486690	16473
90794.314114	21.166225	16474
90795.716179	21.155422	16475
90797.110641	22.684764	16476
90798.506739	19.387351	16477
90799.892389	22.873391	16478
90801.299410	20.715536	16479
90802.696494	23.397014	16480
90804.086879	20.246540	16481
90805.473741	19.424560	16482
90806.883174	22.331686	16483
90808.268534	20.684194	16484
90809.679346	21.631093	16485
90811.060538	22.010067	16486
90812.457908	17.102005	16487
90813.857829	24.523639	16488
90815.244716	21.066648	16489
90816.649781	21.498798	16490
90818.042939	22.020000	16491
90819.432229	20.622087	16492
90820.831513	21.259454	16493
90822.224078	20.494630	16494
90823.627739	19.882575	16495
90825.014034	20.548764	16496
90826.414821	20.820572	16497
90827.805127	20.196709	16498
90829.205679	23.006998	16499
90830.599572	19.069318	16500
90831.997908	22.969933	16501
90833.383214	19.101782	16502
90834.787493	20.600236	16503
90836.179861	22.582948	16504
90837.570329	19.223723	16505
90838.969881	22.139987	16506
90840.361966	21.552176	16507
90841.752239	20.657062	16508
90843.156527	19.681762	16509
90844.545984	21.314196	16510
90845.950815	21.095563	16511
90847.337709	23.007351	16512
90848.743298	17.079132	16513
90850.136357	21.544343	16514
90851.526726	20.763085	16515
90852.917092	17.305534	16516
90854.317973	21.585474	16517
90855.708414	18.954962	16518
90857.110120	21.512248	16519
90858.504094	21.609211	16520
90859.898785	17.916739	16521
90861.295235	21.971025	16522
90862.683258	21.951035	16523
90864.088277	19.893762	16524
90865.479698	22.447730	16525
90866.873665	18.372995	16526
90868.275393	22.510265	16527
90869.658729	20.123770	16528
90871.062430	18.591715	16529
90872.458222	22.989808	16530
90873.851459	19.772549	16531
90875.251942	21.221199	16532
90876.643242	21.376351	16533
90878.034870	19.307866	16534
90879.427592	22.050949	16535
90880.829700	21.005821	16536
90882.220491	19.013650	16537
90883.627538	22.892467	16538
90885.013360	19.480176	16539
90886.414427	19.701544	16540
90887.805797	19.825655	16541
90889.197031	17.576496	16542
90890.599424	22.142676	16543
90891.981061	21.379368	16544
90893.391677	20.572031	16545
90894.775978	22.265285	16546
90896.175192	19.495371	16547
90897.574457	18.308161	16548
90898.959755	25.427295	16549
90900.360453	19.063171	16550
90901.773937	21.170389	16551
90903.155916	19.278025	16552
90904.547256	19.338514	16553
90905.947765	20.796901	16554
90907.337708	21.271417	16555
90908.738141	19.868102	16556
90910.127030	23.125771	16557
90911.523026	17.188176	16558
90912.926240	22.846749	16559
90914.317921	19.196219	16560
90915.707232	21.078067	16561
90917.108988	19.966035	16562
90918.498414	19.106096	16563
90919.897811	19.177380	16564
90921.289402	18.812713	16565
90922.689942	21.821587	16566
90924.078798	21.629542	16567
90925.479347	19.278260	16568
90926.877713	22.893162	16569
90928.262081	20.288338	16570
90929.683218	24.066551	16571
90931.050192	23.888394	16572
90932.439784	18.791685	16573
90933.852584	18.919665	16574
90935.258002	23.484166	16575
90936.638349	18.084156	16576
90938.040987	20.351958	16577
90939.425310	18.766326	16578
90940.830213	18.776907	16579
90942.218334	20.261670	16580
90943.617768	20.477390	16581
90945.010133	20.055780	16582
90946.404786	20.441409	16583
90947.805058	19.934947	16584
90949.196648	20.949331	16585
90950.591672	18.514763	16586
90951.994093	20.496789	16587
90953.383744	19.207926	16588
90954.778326	17.609378	16589
90956.176746	17.902345	16590
90957.572795	22.194063	16591
90958.969090	20.103704	16592
90960.347291	20.575616	16593
90961.754517	17.028356	16594
90963.147431	23.856549	16595
90964.537060	15.351666	16596
90965.946945	18.736342	16597
90967.319388	22.396392	16598
90968.733546	20.650469	16599
90970.137837	19.132816	16600
90971.533053	19.665636	16601
90972.911943	22.486794	16602
90974.312112	20.073310	16603
90975.708583	18.222556	16604
90977.105174	20.998997	16605
90978.496355	19.492361	16606
90979.898666	18.377742	16607
90981.288607	18.579388	16608
90982.689751	20.017111	16609
90984.080874	20.366949	16610
90985.479875	20.049943	16611
90986.862853	17.946984	16612
90988.271429	18.955749	16613
90989.667776	20.959581	16614
90991.057185	17.705437	16615
90992.452009	19.875965	16616
90993.849028	21.945551	16617
90995.240303	20.664037	16618
90996.642255	20.291406	16619
90998.036276	19.790314	16620
90999.418958	17.198202	16621
91000.836411	18.142834	16622
91002.217812	25.651965	16623
91003.604507	18.683656	16624
91005.025299	22.515240	16625
91006.398211	20.728517	16626
91007.807660	18.455801	16627
91009.189276	20.145813	16628
91010.591755	21.578683	16629
91011.983828	19.946784	16630
91013.375047	17.131027	16631
91014.785334	20.900331	16632
91016.165501	19.295165	16633
91017.566181	18.002167	16634
91018.969209	20.734227	16635
91020.354489	18.761182	16636
91021.757347	20.169896	16637
91023.141554	20.862832	16638
91024.541420	18.524426	16639
91025.936145	18.115496	16640
91027.334326	18.575033	16641
91028.731163	18.477391	16642
91030.125026	19.070357	16643
91031.518560	18.030011	16644
91032.917136	18.416450	16645
91034.312319	19.151083	16646
91035.713488	17.752827	16647
91037.106132	19.906933	16648
91038.491669	19.888652	16649
91039.900536	18.868851	16650
91041.283845	20.626019	16651
91042.684805	17.525682	16652
91044.075378	19.469233	16653
91045.474433	19.485606	16654
91046.867946	16.597666	16655
91048.265063	19.448814	16656
91049.656820	17.842884	16657
91051.055614	20.327939	16658
91052.443069	21.285615	16659
91053.845447	16.603623	16660
91055.242149	20.869557	16661
91056.630386	18.450140	16662
91058.034750	19.179139	16663
91059.422707	20.071548	16664
91060.826941	19.335436	16665
91062.212098	18.946528	16666
91063.618037	18.849130	16667
91064.999297	18.209822	16668
91066.405996	20.081913	16669
91067.798214	17.389660	16670
91069.199561	20.353356	16671
91070.578151	19.366618	16672
91071.990084	18.293002	16673
91073.375385	19.113749	16674
91074.774913	16.400832	16675
91076.168139	17.800732	16676
91077.568309	21.523562	16677
91078.957696	20.847228	16678
91080.363119	19.339730	16679
91081.742241	24.178716	16680
91083.151017	17.684153	16681
91084.547589	22.186453	16682
91085.946760	21.600557	16683
91087.326990	20.295880	16684
91088.728463	18.294479	16685
91090.122924	20.999137	16686
91091.521002	19.814614	16687
91092.917328	19.385209	16688
91094.304899	19.659205	16689
91095.701019	16.174344	16690
91097.101139	17.994624	16691
91098.511837	21.703630	16692
91099.887129	18.394180	16693
91101.279424	18.567959	16694
91102.682289	19.002771	16695
91104.079771	17.551463	16696
91105.474438	20.245456	16697
91106.863559	18.227652	16698
91108.264402	17.796610	16699
91109.656777	21.093500	16700
91111.051405	16.639855	16701
91112.443008	19.136267	16702
91113.841305	17.899906	16703
91115.238190	17.272553	16704
91116.637196	19.287446	16705
91118.025731	17.544584	16706
91119.419706	19.520587	16707
91120.819979	16.951681	16708
91122.214808	19.060974	16709
91123.607288	19.888207	16710
91124.998834	17.636596	16711
91126.403869	18.944569	16712
91127.792383	18.050544	16713
91129.184912	16.693444	16714
91130.596019	19.856564	16715
91131.974233	16.912537	16716
91133.373126	17.990926	16717
91134.770169	18.248790	16718
91136.158527	19.736169	16719
91137.567723	19.329139	16720
91138.950785	18.090587	16721
91140.351813	18.577468	16722
91141.751539	18.667415	16723
91143.139996	16.580531	16724
91144.541479	18.613315	16725
91145.948497	20.618509	16726
91147.326285	20.880981	16727
91148.721612	18.375731	16728
91150.123801	18.384581	16729
91151.525088	21.760667	16730
91152.907177	17.027012	16731
91154.290330	22.310614	16732
91155.702277	13.964323	16733
91157.100867	18.466241	16734
91158.501240	15.494398	16735
91159.879942	19.898789	16736
91161.273161	18.712768	16737
91162.678848	15.309196	16738
91164.073015	17.602808	16739
91165.461834	19.182441	16740
91166.859441	13.386500	16741
91168.261645	19.630129	16742
91169.655572	18.608603	16743
91171.048478	18.130639	16744
91172.443767	16.866485	16745
91173.844186	18.185504	16746
91175.230462	19.453062	16747
91176.629258	17.047335	16748
91178.023658	20.871086	16749
91179.422098	14.644141	16750
91180.824673	19.481520	16751
91182.207591	17.948524	16752
91183.606092	16.206488	16753
91185.004825	18.198330	16754
91186.387367	16.649411	16755
91187.796252	21.257432	16756
91189.182928	18.551854	16757
91190.576313	18.073804	16758
91191.984713	20.396296	16759
91193.366653	18.131766	16760
91194.767206	15.422038	16761
91196.163790	19.613869	16762
91197.553791	16.489515	16763
91198.953256	17.045827	16764
91200.350323	17.334955	16765
91201.746493	18.763626	16766
91203.142904	18.229856	16767
91204.531889	18.086736	16768
91205.940585	18.291071	16769
91207.321972	19.656107	16770
91208.722821	14.359739	16771
91210.120526	19.906661	16772
91211.503943	15.814194	16773
91212.908878	17.637382	16774
91214.299978	17.050862	16775
91215.700478	19.647350	16776
91217.091586	17.659430	16777
91218.488404	14.556888	16778
91219.914563	24.434906	16779
91221.277335	15.598967	16780
91222.687742	18.376543	16781
91224.078890	18.538962	16782
91225.442499	21.642869	16783
91226.853001	15.723753	16784
91228.251415	15.723872	16785
91229.645437	13.590070	16786
91231.060771	23.152257	16787
91232.431433	17.243059	16788
91233.841329	17.486862	16789
91235.234293	19.510253	16790
91236.630056	16.040127	16791
91238.029634	20.538862	16792
91239.409715	18.317809	16793
91240.820847	17.367240	16794
91242.205417	16.841439	16795
91243.601483	15.824629	16796
91245.003475	16.909488	16797
91246.390081	19.103825	16798
91247.790489	16.089672	16799
91249.185415	18.873172	16800
91250.579384	17.063282	16801
91251.974608	17.201668	16802
91253.370779	17.546656	16803
91254.758966	15.711478	16804
91256.163124	17.960497	16805
91257.550355	18.105716	16806
91258.940815	12.542934	16807
91260.344613	12.753665	16808
91261.730821	15.257126	16809
91263.137830	15.143037	16810
91264.521042	17.534848	16811
91265.929771	16.095578	16812
91267.316701	19.119113	16813
91268.717482	16.165657	16814
91270.116633	15.113298	16815
91271.513766	17.792427	16816
91272.906048	16.156145	16817
91274.298253	18.991261	16818
91275.687989	18.280728	16819
91277.092143	14.484061	16820
91278.480406	18.656894	16821
91279.877348	17.510869	16822
91281.281755	17.547939	16823
91282.665509	17.541883	16824
91284.072141	16.969541	16825
91285.458789	17.789267	16826
91286.853034	13.798167	16827
91288.271550	20.197230	16828
91289.649865	19.041250	16829
91291.038498	18.630936	16830
91292.440090	14.811486	16831
91293.843640	15.710386	16832
91295.226208	15.267727	16833
91296.626759	16.439779	16834
91298.018670	17.367268	16835
91299.413383	17.030620	16836
91300.805491	17.168657	16837
91302.203249	15.438507	16838
91303.593515	18.596226	16839
91304.999369	15.448003	16840
91306.390018	17.198497	16841
91307.783464	16.609090	16842
91309.176402	16.780975	16843
91310.574707	17.075113	16844
91311.965182	16.075346	16845
91313.373599	16.557501	16846
91314.757663	17.671391	16847
91316.163507	16.605284	16848
91317.542197	17.367420	16849
91318.952541	18.232211	16850
91320.337020	16.420873	16851
91321.738391	16.804419	16852
91323.131494	15.342069	16853
91324.528695	17.389343	16854
91325.926127	17.379530	16855
91327.320330	15.317710	16856
91328.708990	17.916130	16857
91330.104103	17.238563	16858
91331.506865	15.937883	16859
91332.896308	19.097652	16860
91334.291759	13.708740	16861
91335.688707	16.705298	16862
91337.081510	17.031959	16863
91338.479010	16.339341	16864
91339.878814	17.027435	16865
91341.268580	15.156668	16866
91342.665349	15.296518	16867
91344.061809	18.191743	16868
91345.454800	12.947234	16869
91346.850018	17.891934	16870
91348.240098	13.652576	16871
91349.649774	20.089816	16872
91351.032037	16.737506	16873
91352.440451	17.632427	16874
91353.829346	19.473968	16875
91355.219157	14.472554	16876
91356.615174	15.714856	16877
91358.018099	17.818576	16878
91359.404427	14.291549	16879
91360.809571	17.430837	16880
91362.199138	15.266704	16881
91363.586304	17.362745	16882
91364.989147	15.312979	16883
91366.394286	16.244030	16884
91367.780877	16.438969	16885
91369.176517	16.338411	16886
91370.567098	16.618300	16887
91371.962434	16.586382	16888
91373.362911	14.440533	16889
91374.756208	17.344276	16890
91376.150344	14.583703	16891
91377.542046	16.479598	16892
91378.932754	16.466601	16893
91380.337406	13.988231	16894
91381.737267	17.811870	16895
91383.129123	15.234240	16896
91384.512729	16.979520	16897
91385.918032	15.794397	16898
91387.314314	15.008986	16899
91388.712247	16.530465	16900
91390.101462	16.306855	16901
91391.492149	15.834957	16902
91392.891417	17.175981	16903
91394.296033	15.408698	16904
91395.673149	19.354487	16905
91397.091267	14.611393	16906
91398.487055	19.513630	16907
91399.875513	14.775594	16908
91401.258471	15.501473	16909
91402.653889	17.259814	16910
91404.055165	14.303185	16911
91405.448072	19.555179	16912
91406.840835	13.733027	16913
91408.248069	13.756438	16914
91409.631800	18.060752	16915
91411.037148	15.859557	16916
91412.421777	16.461590	16917
91413.823836	14.879211	16918
91415.217571	16.285882	16919
91416.610446	16.264030	16920
91418.011054	15.159606	16921
91419.404656	16.413821	16922
91420.798591	13.581344	16923
91422.196823	17.331966	16924
91423.586518	15.458648	16925
91424.988100	13.042844	16926
91426.385544	19.663350	16927
91427.774055	15.413131	16928
91429.167093	18.632585	16929
91430.585985	11.960690	16930
91431.952794	16.383880	16931
91433.356979	15.728380	16932
91434.742841	12.900639	16933
91436.151792	24.255914	16934
91437.534958	14.736868	16935
91438.945414	17.933627	16936
91440.325881	18.515953	16937
91441.729077	12.810003	16938
91443.110989	20.172880	16939
91444.523313	18.245229	16940
91445.899247	15.089570	16941
91447.319044	16.390136	16942
91448.696757	18.571314	16943
91450.099205	15.041140	16944
91451.491615	16.255518	16945
91452.886387	13.287863	16946
91454.285935	15.892596	16947
91455.671885	16.144370	16948
91457.076745	14.470624	16949
91458.468023	14.988098	16950
91459.854695	14.869281	16951
91461.265487	15.884672	16952
91462.644065	16.555063	16953
91464.054381	15.974257	16954
91465.443923	14.841398	16955
91466.845927	13.927739	16956
91468.239416	17.115577	16957
91469.632994	15.193029	16958
91471.032833	12.560093	16959
91472.433475	21.258594	16960
91473.809876	19.012178	16961
91475.221359	13.537720	16962
91476.599947	16.989448	16963
91478.005878	15.296865	16964
91479.394039	15.572129	16965
91480.800149	16.114274	16966
91482.185538	16.038036	16967
91483.588055	15.284629	16968
91484.974864	16.094481	16969
91486.381512	16.486266	16970
91487.763978	14.862195	16971
91489.176358	15.857173	16972
91490.559882	17.420008	16973
91491.960246	12.022780	16974
91493.355765	16.026639	16975
91494.744879	15.188738	16976
91496.139016	14.277201	16977
91497.536012	15.065113	16978
91498.925536	15.727442	16979
91500.325729	17.285498	16980
91501.719221	14.814703	16981
91503.122130	17.245900	16982
91504.512003	16.583897	16983
91505.908689	14.083113	16984
91507.304720	15.640547	16985
91508.693839	16.364467	16986
91510.096755	15.253983	16987
91511.491227	15.726570	16988
91512.880338	16.592715	16989
91514.290391	17.305723	16990
91515.674245	17.262180	16991
91517.074712	14.223726	16992
91518.459399	16.242919	16993
91519.861047	14.212596	16994
91521.259974	15.804654	16995
91522.654437	14.224662	16996
91524.034982	14.629030	16997
91525.449772	16.167640	16998
91526.830571	15.712941	16999
91528.240619	14.777530	17000
91529.623887	14.164227	17001
91531.022992	14.812303	17002
91532.416128	16.230113	17003
91533.814541	14.498619	17004
91535.206132	13.951718	17005
91536.605633	17.476984	17006
91538.005470	14.765191	17007
91539.400986	16.431333	17008
91540.783755	18.557151	17009
91542.184929	11.113420	17010
91543.580644	16.197118	17011
91544.976060	13.570775	17012
91546.370409	15.341997	17013
91547.761000	17.259287	17014
91549.159904	12.308314	17015
91550.559756	18.989565	17016
91551.943395	15.403359	17017
91553.350292	16.523598	17018
91554.738968	12.182645	17019
91556.137864	11.719038	17020
91557.533096	16.021486	17021
91558.931812	14.278061	17022
91560.313998	14.059783	17023
91561.722636	14.104457	17024
91563.108832	15.320280	17025
91564.511967	14.889177	17026
91565.893340	15.130104	17027
91567.305353	14.397251	17028
91568.690973	13.555956	17029
91570.089051	13.478153	17030
91571.483227	14.078225	17031
91572.882615	13.680634	17032
91574.271335	12.812194	17033
91575.671342	16.354633	17034
91577.058324	14.138207	17035
91578.463296	13.791438	17036
91579.855769	16.925555	17037
91581.256555	12.723309	17038
91582.650049	14.908425	17039
91584.038968	15.444225	17040
91585.433447	12.967455	17041
91586.834630	14.409203	17042
91588.223564	13.845877	17043
91589.626704	15.682907	17044
91591.015974	16.303025	17045
91592.415503	13.816655	17046
91593.810740	15.744410	17047
91595.206526	12.246083	17048
91596.604284	14.883933	17049
91597.995665	15.646634	17050
91599.386761	13.256747	17051
91600.785527	15.267342	17052
91602.172086	14.652120	17053
91603.578116	14.913637	17054
91604.973359	15.658884	17055
91606.367837	15.051567	17056
91607.758282	15.852381	17057
91609.156053	15.057687	17058
91610.543893	13.174932	17059
91611.945975	15.919925	17060
91613.336130	15.777925	17061
91614.743866	13.371725	17062
91616.125526	11.154003	17063
91617.532239	18.104994	17064
91618.910373	14.866898	17065
91620.320844	15.019651	17066
91621.712535	14.486010	17067
91623.113865	17.160772	17068
91624.493312	17.874890	17069
91625.901864	15.276960	17070
91627.285096	14.053270	17071
91628.694107	14.305071	17072
91630.080037	11.865700	17073
91631.481076	16.700268	17074
91632.877803	11.371153	17075
91634.270466	11.981187	17076
91635.657969	14.429393	17077
91637.058817	16.598203	17078
91638.465798	16.393598	17079
91639.857338	21.144518	17080
91641.237115	12.210649	17081
91642.643303	12.151002	17082
91644.032446	15.752334	17083
91645.426358	14.140012	17084
91646.820729	14.168352	17085
91648.231938	16.145901	17086
91649.613152	20.322346	17087
91651.037575	10.331836	17088
91652.389556	12.130774	17089
91653.814692	16.275637	17090
91655.192482	15.468947	17091
91656.614289	15.186848	17092
91657.978428	15.972974	17093
91659.388995	14.202349	17094
91660.774285	16.294015	17095
91662.177113	13.108978	17096
91663.564425	13.294366	17097
91664.968369	12.475276	17098
91666.351806	14.180097	17099
91667.759574	13.234950	17100
91669.149029	14.544451	17101
91670.547515	14.122678	17102
91671.940385	14.615670	17103
91673.337059	12.108448	17104
91674.727999	14.592029	17105
91676.123816	15.672659	17106
91677.518495	11.339458	17107
91678.920247	15.457009	17108
91680.307720	12.369573	17109
91681.709181	14.208136	17110
91683.096051	14.074578	17111
91684.497647	13.667228	17112
91685.894494	13.977727	17113
91687.294237	14.006733	17114
91688.679771	12.386392	17115
91690.080122	14.559331	17116
91691.470265	9.994868	17117
91692.872414	15.470829	17118
91694.257567	12.455159	17119
91695.667352	15.854751	17120
91697.049500	17.524911	17121
91698.446654	13.394986	17122
91699.838766	12.090607	17123
91701.245540	13.358788	17124
91702.635194	11.654448	17125
91704.027589	16.099272	17126
91705.424769	12.738998	17127
91706.823133	12.982039	17128
91708.210991	12.804412	17129
91709.614673	16.818271	17130
91711.004162	11.012912	17131
91712.405987	12.761371	17132
91713.795249	12.585097	17133
91715.191296	14.798531	17134
91716.580524	12.652340	17135
91717.985974	16.054698	17136
91719.364592	16.864433	17137
91720.775887	13.227002	17138
91722.168416	14.679182	17139
91723.567022	14.020894	17140
91724.957115	16.280002	17141
91726.358743	11.895808	17142
91727.747587	12.692315	17143
91729.140505	14.226481	17144
91730.532856	11.611935	17145
91731.938736	15.557918	17146
91733.317158	15.443112	17147
91734.736360	13.682082	17148
91736.122292	22.731553	17149
91737.502149	15.887531	17150
91738.921399	15.498228	17151
91740.308301	15.545837	17152
91741.687262	15.899882	17153
91743.113051	17.690576	17154
91744.474261	18.699441	17155
91745.909146	13.586713	17156
91747.284752	16.974544	17157
91748.673906	11.796396	17158
91750.074648	15.063863	17159
91751.470667	16.354562	17160
91752.851806	14.295067	17161
91754.258690	12.079785	17162
91755.648740	14.195409	17163
91757.053648	11.496965	17164
91758.433262	13.573608	17165
91759.843196	14.065816	17166
91761.224123	15.271982	17167
91762.628554	13.943980	17168
91764.024121	13.684152	17169
91765.415541	14.148297	17170
91766.810251	11.994089	17171
91768.218076	13.429882	17172
91769.602256	15.446781	17173
91771.005080	12.763265	17174
91772.393173	12.868536	17175
91773.796520	13.619646	17176
91775.187292	15.422502	17177
91776.579689	13.046135	17178
91777.972621	12.195463	17179
91779.375119	13.888236	17180
91780.761325	12.962776	17181
91782.167660	13.712261	17182
91783.547557	14.589420	17183
91784.958248	14.310153	17184
91786.340200	13.266830	17185
91787.744899	14.702280	17186
91789.139653	16.078381	17187
91790.534326	13.578729	17188
91791.926653	12.462330	17189
91793.328209	13.012846	17190
91794.722861	12.592315	17191
91796.121336	13.817473	17192
91797.496868	14.709038	17193
91798.906733	14.754267	17194
91800.293633	12.371941	17195
91801.699610	12.435431	17196
91803.090427	15.439706	17197
91804.488063	14.951952	17198
91805.876855	10.790660	17199
91807.277930	15.955661	17200
91808.662698	15.560804	17201
91810.066291	14.087905	17202
91811.456976	12.589433	17203
91812.859088	12.608470	17204
91814.247868	11.711978	17205
91815.647620	13.475583	17206
91817.041179	14.534110	17207
91818.447218	12.586176	17208
91819.828443	14.650921	17209
91821.221516	13.358174	17210
91822.613691	11.643176	17211
91824.026972	17.435084	17212
91825.384685	13.301954	17213
91826.813004	13.017202	17214
91828.183698	11.907483	17215
91829.605306	12.498022	17216
91830.983497	11.503501	17217
91832.395496	13.284350	17218
91833.771445	15.177399	17219
91835.190597	12.813918	17220
91836.570504	15.159545	17221
91837.974862	11.914620	17222
91839.354814	10.130034	17223
91840.765341	14.481435	17224
91842.154903	13.200899	17225
91843.550962	15.548611	17226
91844.941113	11.625523	17227
91846.349733	13.854569	17228
91847.733926	10.213815	17229
91849.137564	16.260721	17230
91850.519652	14.861207	17231
91851.916368	12.500043	17232
91853.299188	10.605763	17233
91854.716028	15.149212	17234
91856.108197	10.695977	17235
91857.514159	11.327106	17236
91858.913194	11.945289	17237
91860.293246	14.763775	17238
91861.685733	12.675605	17239
91863.084143	12.591651	17240
91864.475284	14.489943	17241
91865.883182	12.238197	17242
91867.264968	12.341599	17243
91868.666392	12.783485	17244
91870.052693	10.940935	17245
91871.453017	14.193182	17246
91872.845609	12.586707	17247
91874.244034	12.417088	17248
91875.632469	13.696196	17249
91877.035728	10.593727	17250
91878.430913	7.441269	17251
91879.839158	17.103342	17252
91881.212923	20.199619	17253
91882.624485	11.576414	17254
91884.004513	15.688583	17255
91885.406737	14.126756	17256
91886.785984	15.518126	17257
91888.216420	15.925022	17258
91889.598633	15.148170	17259
91890.988374	10.473950	17260
91892.396771	15.303183	17261
91893.779325	12.799980	17262
91895.168829	11.644033	17263
91896.563982	15.892029	17264
91897.979284	7.892933	17265
91899.369114	14.165743	17266
91900.748568	16.260718	17267
91902.150866	11.604479	17268
91903.527521	8.866543	17269
91904.937949	18.819183	17270
91906.323913	14.040668	17271
91907.742820	13.974410	17272
91909.107898	15.693697	17273
91910.525767	14.368527	17274
91911.913470	14.426888	17275
91913.317268	11.608249	17276
91914.701393	13.585212	17277
91916.105732	11.710365	17278
91917.488985	13.595341	17279
91918.893666	12.252005	17280
91920.281842	12.754033	17281
91921.681475	14.516030	17282
91923.062217	14.570800	17283
91924.481425	12.898150	17284
91925.861457	14.255575	17285
91927.270413	11.487465	17286
91928.654864	12.217460	17287
91930.059540	11.021495	17288
91931.435241	10.858858	17289
91932.832566	18.152971	17290
91934.210489	6.673953	17291
91935.649544	14.027131	17292
91937.030531	12.281836	17293
91938.427168	13.555842	17294
91939.797261	9.482709	17295
91941.212381	14.811893	17296
91942.603803	14.613131	17297
91944.002897	11.443567	17298
91945.401857	16.120540	17299
91946.797957	11.851200	17300
91948.171209	11.358133	17301
91949.592919	16.423351	17302
91950.972416	9.968041	17303
91952.370586	12.499966	17304
91953.764059	11.660698	17305
91955.168939	13.751340	17306
91956.549048	12.942016	17307
91957.959606	13.839077	17308
91959.341234	13.794023	17309
91960.754367	12.773556	17310
91962.133711	12.849542	17311
91963.541869	11.489580	17312
91964.927741	12.771224	17313
91966.333832	11.427470	17314
91967.716835	12.365442	17315
91969.122839	11.591311	17316
91970.504125	11.135879	17317
91971.915203	13.688912	17318
91973.295440	11.384617	17319
91974.701212	12.045467	17320
91976.086547	11.986269	17321
91977.487515	12.165362	17322
91978.871647	12.969478	17323
91980.284465	12.462721	17324
91981.669518	12.314951	17325
91983.069091	10.343913	17326
91984.463619	10.551347	17327
91985.856264	10.117350	17328
91987.252264	12.343113	17329
91988.648780	14.374520	17330
91990.038703	13.894280	17331
91991.437256	11.885045	17332
91992.829983	10.657497	17333
91994.237744	11.780776	17334
91995.619401	12.295328	17335
91997.022983	15.485413	17336
91998.408206	8.062976	17337
91999.822922	17.010498	17338
92001.199842	7.585992	17339
92002.606858	14.170603	17340
92003.989522	16.081545	17341
92005.393389	9.748830	17342
92006.784827	11.716552	17343
92008.185972	12.992577	17344
92009.570925	10.496343	17345
92010.976032	13.898686	17346
92012.360983	8.778828	17347
92013.766867	14.338600	17348
92015.162096	13.276471	17349
92016.560767	12.128620	17350
92017.939181	13.938037	17351
92019.345647	11.532502	17352
92020.735420	11.093544	17353
92022.133240	11.843375	17354
92023.526799	10.741706	17355
92024.919111	13.949412	17356
92026.313923	11.816614	17357
92027.716016	12.461504	17358
92029.104347	13.209740	17359
92030.506653	11.337216	17360
92031.894625	13.182960	17361
92033.297257	11.732650	17362
92034.682696	11.148597	17363
92036.088820	12.398447	17364
92037.475795	10.814606	17365
92038.877957	15.959784	17366
92040.260248	9.655745	17367
92041.675354	15.446863	17368
92043.044894	15.619484	17369
92044.465648	9.864117	17370
92045.860319	15.809962	17371
92047.234537	10.360165	17372
92048.602673	11.687796	17373
92050.041375	13.238494	17374
92051.434063	12.733823	17375
92052.847137	12.857784	17376
92054.210457	10.833895	17377
92055.622187	12.793786	17378
92057.006660	13.413102	17379
92058.416196	11.914408	17380
92059.796510	12.708575	17381
92061.200542	11.726224	17382
92062.585170	10.751845	17383
92063.990298	13.809226	17384
92065.384983	9.250097	17385
92066.777570	15.175307	17386
92068.183535	13.012374	17387
92069.575631	11.920200	17388
92070.961359	12.291493	17389
92072.374693	12.204648	17390
92073.751298	12.519399	17391
92075.145357	10.338913	17392
92076.535949	10.920318	17393
92077.939592	13.140999	17394
92079.322920	6.036528	17395
92080.728002	18.232762	17396
92082.112855	13.747287	17397
92083.531488	12.232892	17398
92084.917476	14.950252	17399
92086.317845	14.803181	17400
92087.695259	14.462958	17401
92089.102301	7.221498	17402
92090.495771	14.779770	17403
92091.899118	13.360390	17404
92093.282354	12.498369	17405
92094.689928	9.219139	17406
92096.073841	7.383187	17407
92097.481948	12.766007	17408
92098.858654	11.298494	17409
92100.270335	12.251479	17410
92101.653437	12.640610	17411
92103.058349	12.661061	17412
92104.442325	9.382720	17413
92105.853949	15.244274	17414
92107.223139	8.932486	17415
92108.633885	19.189389	17416
92110.022317	13.959295	17417
92111.436105	4.252163	17418
92112.826952	14.983524	17419
92114.221436	9.750706	17420
92115.618567	16.494451	17421
92117.008181	12.018289	17422
92118.404914	12.322135	17423
92119.799237	11.857748	17424
92121.164159	10.629321	17425
92122.593840	12.425181	17426
92123.975668	13.768330	17427
92125.385822	10.877624	17428
92126.764474	13.996507	17429
92128.169181	10.290528	17430
92129.548951	10.434514	17431
92130.963687	11.119959	17432
92132.346511	11.987459	17433
92133.752550	12.709876	17434
92135.135120	11.818685	17435
92136.544980	12.464174	17436
92137.922916	12.022509	17437
92139.337111	8.498324	17438
92140.718299	12.429412	17439
92142.119088	12.430501	17440
92143.504817	11.772861	17441
92144.914567	13.695214	17442
92146.293790	11.959055	17443
92147.710300	13.348705	17444
92149.088257	13.104141	17445
92150.496885	10.840438	17446
92151.878788	11.260370	17447
92153.282643	12.871605	17448
92154.667256	10.647540	17449
92156.071632	11.177944	17450
92157.461337	11.790928	17451
92158.864203	13.019121	17452
92160.243774	11.107498	17453
92161.660551	12.029223	17454
92163.039348	12.990470	17455
92164.436002	10.681528	17456
92165.834057	12.504355	17457
92167.233358	12.843180	17458
92168.619937	8.379633	17459
92170.020295	16.576955	17460
92171.447391	4.398746	17461
92172.827967	17.264721	17462
92174.205500	16.963302	17463
92175.579366	5.309776	17464
92176.996440	14.917825	17465
92178.404835	9.344143	17466
92179.772708	11.552295	17467
92181.197465	9.870481	17468
92182.571813	8.172611	17469
92183.977899	14.649297	17470
92185.361490	13.089146	17471
92186.774556	12.665666	17472
92188.143158	14.493573	17473
92189.558355	9.616920	17474
92190.939595	11.830179	17475
92192.354290	10.863993	17476
92193.728254	11.188405	17477
92195.136894	12.284800	17478
92196.522945	11.737584	17479
92197.930574	11.422841	17480
92199.314687	11.832606	17481
92200.716492	9.466935	17482
92202.103767	12.775476	17483
92203.513242	9.524243	17484
92204.888652	9.668767	17485
92206.299922	10.920692	17486
92207.676828	10.408062	17487
92209.086866	11.312720	17488
92210.473489	11.444096	17489
92211.882741	10.575219	17490
92213.260953	12.259633	17491
92214.673195	10.746318	17492
92216.046368	11.119800	17493
92217.455503	9.916860	17494
92218.838603	11.477766	17495
92220.253171	11.455399	17496
92221.630876	9.995609	17497
92223.046786	10.159446	17498
92224.424192	12.553557	17499
92225.833081	10.433069	17500
92227.217749	12.745772	17501
92228.625019	10.716248	17502
92229.999331	12.763106	17503
92231.417160	9.876211	17504
92232.790317	10.690544	17505
92234.197623	12.681804	17506
92235.582115	10.932544	17507
92236.995363	10.377152	17508
92238.374767	12.710164	17509
92239.781859	8.816276	17510
92241.168258	12.460594	17511
92242.572642	10.875932	17512
92243.953486	10.694535	17513
92245.351472	13.113575	17514
92246.741568	9.090990	17515
92248.147742	13.612564	17516
92249.535836	9.255901	17517
92250.945889	11.110121	17518
92252.326977	11.480624	17519
92253.728352	8.069837	17520
92255.125404	13.243404	17521
92256.523669	10.643759	17522
92257.900829	9.369584	17523
92259.315961	12.544751	17524
92260.701811	9.157353	17525
92262.103252	11.829590	17526
92263.486744	13.122306	17527
92264.900622	11.165476	17528
92266.279272	14.402146	17529
92267.687128	9.566345	17530
92269.070431	11.882279	17531
92270.475318	14.537611	17532
92271.859544	10.306122	17533
92273.268110	10.975215	17534
92274.643970	9.904834	17535
92276.061812	10.835314	17536
92277.438980	10.127117	17537
92278.842356	10.651050	17538
92280.230253	9.871956	17539
92281.637566	10.753875	17540
92283.023877	10.800389	17541
92284.431645	8.780319	17542
92285.808245	11.036269	17543
92287.215036	12.480333	17544
92288.598667	10.648954	17545
92290.006021	10.652608	17546
92291.395268	16.141463	17547
92292.805178	6.935021	17548
92294.177374	9.490634	17549
92295.587673	12.080965	17550
92296.972574	9.649335	17551
92298.375201	11.859473	17552
92299.762357	10.295690	17553
92301.172840	10.369317	17554
92302.552293	11.807123	17555
92303.954794	10.774433	17556
92305.342698	10.236433	17557
92306.749427	11.510495	17558
92308.132919	7.780276	17559
92309.538823	11.972193	17560
92310.925557	8.085752	17561
92312.332146	13.728685	17562
92313.715116	11.373592	17563
92315.125076	11.125290	17564
92316.503886	10.566188	17565
92317.919003	8.326964	17566
92319.291323	9.897410	17567
92320.704572	12.241702	17568
92322.076599	12.603526	17569
92323.494556	8.658338	17570
92324.867204	10.890123	17571
92326.280784	11.246442	17572
92327.662291	8.491585	17573
92329.071169	8.665256	17574
92330.455487	14.333780	17575
92331.856675	13.553601	17576
92333.211051	2.747202	17577
92334.647177	15.523946	17578
92336.016656	8.316779	17579
92337.436619	14.166054	17580
92338.815166	9.349497	17581
92340.234257	10.129140	17582
92341.608782	13.657496	17583
92343.030215	14.044621	17584
92344.404540	12.212863	17585
92345.814832	10.894079	17586
92347.208477	13.450158	17587
92348.624103	6.964178	17588
92349.983914	12.104952	17589
92351.384466	13.486890	17590
92352.793653	7.984672	17591
92354.185273	8.756885	17592
92355.565285	10.653706	17593
92356.957692	5.975567	17594
92358.351840	7.839710	17595
92359.774259	8.661015	17596
92361.142563	9.184298	17597
92362.557173	8.083119	17598
92363.926853	7.761717	17599
92365.348730	10.719094	17600
92366.727507	9.029742	17601
92368.140768	11.960561	17602
92369.514260	11.860999	17603
92370.926738	10.909338	17604
92372.308937	11.580792	17605
92373.710520	7.647506	17606
92375.096411	9.236630	17607
92376.505703	13.753917	17608
92377.885520	13.521495	17609
92379.284175	7.778198	17610
92380.685720	13.345740	17611
92382.091913	8.017236	17612
92383.478495	12.895913	17613
92384.906901	9.319985	17614
92386.238234	9.335425	17615
92387.661622	9.773335	17616
92389.046410	9.409473	17617
92390.459985	11.316898	17618
92391.839465	10.764802	17619
92393.250260	10.581776	17620
92394.634256	11.060080	17621
92396.041492	11.112924	17622
92397.414871	9.050698	17623
92398.825613	9.375325	17624
92400.199363	8.007768	17625
92401.618641	13.074170	17626
92403.002144	10.413074	17627
92404.408978	11.826281	17628
92405.790114	13.100695	17629
92407.202813	10.601141	17630
92408.581332	11.594481	17631
92409.987969	8.463038	17632
92411.373977	11.043332	17633
92412.778510	9.237941	17634
92414.162801	7.292691	17635
92415.569259	10.756052	17636
92416.948201	9.213524	17637
92418.361339	11.282621	17638
92419.745153	11.052948	17639
92421.147877	9.982503	17640
92422.530441	7.863837	17641
92423.938510	10.398215	17642
92425.316296	9.122527	17643
92426.728791	11.073295	17644
92428.113715	9.516149	17645
92429.521131	9.005456	17646
92430.901298	11.661807	17647
92432.303295	7.765080	17648
92433.687139	6.837446	17649
92435.102368	10.240037	17650
92436.484544	9.405413	17651
92437.899374	8.412720	17652
92439.273366	12.500278	17653
92440.685939	9.346414	17654
92442.060454	10.356297	17655
92443.475521	11.252641	17656
92444.852208	10.917367	17657
92446.267263	9.104804	17658
92447.614263	6.138009	17659
92449.057698	9.242291	17660
92450.434831	9.883360	17661
92451.842330	11.220942	17662
92453.223295	11.110654	17663
92454.636230	11.950373	17664
92456.016447	13.427526	17665
92457.419860	8.909480	17666
92458.802595	10.038683	17667
92460.231962	4.985285	17668
92461.583705	7.015797	17669
92463.005513	9.392270	17670
92464.390897	12.071432	17671
92465.794602	10.266776	17672
92467.181527	10.342407	17673
92468.573889	8.566708	17674
92469.964620	11.001066	17675
92471.373990	9.321566	17676
92472.756168	11.080406	17677
92474.171509	7.769646	17678
92475.546762	9.311683	17679
92476.962351	7.085534	17680
92478.328959	8.569676	17681
92479.749400	8.941946	17682
92481.126035	11.818448	17683
92482.542280	12.034014	17684
92483.916914	12.970368	17685
92485.323801	9.308814	17686
92486.703459	10.607871	17687
92488.116035	8.725282	17688
92489.497042	11.111083	17689
92490.907280	8.921873	17690
92492.283434	10.315981	17691
92493.702281	9.844287	17692
92495.076403	10.222206	17693
92496.493182	10.431172	17694
92497.871003	7.566059	17695
92499.280852	9.919727	17696
92500.651211	9.612326	17697
92502.067069	7.986484	17698
92503.452320	11.013391	17699
92504.863714	8.266132	17700
92506.233002	7.970936	17701
92507.644248	12.284561	17702
92509.031268	9.399313	17703
92510.441953	12.541253	17704
92511.822639	9.263370	17705
92513.228471	8.424216	17706
92514.600888	9.349465	17707
92516.012052	11.143096	17708
92517.404274	10.670805	17709
92518.819440	8.372450	17710
92520.161032	9.802500	17711
92521.627837	14.473034	17712
92523.007491	9.758193	17713
92524.389291	7.144941	17714
92525.787603	8.611165	17715
92527.182171	9.132203	17716
92528.573364	8.239840	17717
92529.966973	10.568621	17718
92531.345074	8.425088	17719
92532.762040	8.279111	17720
92534.139817	8.535460	17721
92535.552131	12.878501	17722
92536.937093	9.712938	17723
92538.338887	9.266398	17724
92539.720073	10.014288	17725
92541.136517	8.352959	17726
92542.498822	6.772850	17727
92543.921747	9.069070	17728
92545.304941	10.085445	17729
92546.714112	8.856261	17730
92548.095035	11.472002	17731
92549.507816	12.558149	17732
92550.880517	10.680335	17733
92552.289004	10.502673	17734
92553.679928	9.203942	17735
92555.078134	9.167594	17736
92556.462466	11.544982	17737
92557.881531	6.953481	17738
92559.251322	9.637417	17739
92560.656789	8.863606	17740
92562.049279	10.350096	17741
92563.449723	14.140321	17742
92564.833193	10.924293	17743
92566.239138	8.697166	17744
92567.615266	9.516887	17745
92569.038090	8.673745	17746
92570.408025	9.593593	17747
92571.827171	9.700455	17748
92573.201925	9.792472	17749
92574.611461	9.275532	17750
92576.001272	8.895230	17751
92577.407741	10.503456	17752
92578.784291	9.828554	17753
92580.194697	7.960902	17754
92581.570143	8.382918	17755
92582.971549	6.292637	17756
92584.355898	7.695791	17757
92585.785855	8.427029	17758
92587.158193	9.169553	17759
92588.563897	9.450648	17760
92589.933823	6.428293	17761
92591.351720	10.871318	17762
92592.731409	7.577636	17763
92594.087357	2.164138	17764
92595.538703	13.331753	17765
92596.942795	8.001828	17766
92598.319162	10.458522	17767
92599.726321	13.496448	17768
92601.113878	12.695657	17769
92602.516855	14.332926	17770
92603.890591	11.630773	17771
92605.313742	13.364432	17772
92606.688492	10.560273	17773
92608.088853	5.233002	17774
92609.476775	11.549038	17775
92610.902661	6.517631	17776
92612.261517	9.121794	17777
92613.674498	8.685940	17778
92615.053843	8.143117	17779
92616.461464	7.423930	17780
92617.851266	5.339033	17781
92619.260771	9.905821	17782
92620.632989	9.985085	17783
92622.057491	8.123913	17784
92623.424664	10.210539	17785
92624.840305	7.584705	17786
92626.222581	7.509840	17787
92627.631631	13.068004	17788
92629.014807	10.011275	17789
92630.418994	10.897024	17790
92631.808017	8.331803	17791
92633.208002	9.915558	17792
92634.599712	13.508493	17793
92636.003944	3.652259	17794
92637.371614	9.493152	17795
92638.786304	14.015385	17796
92640.183961	8.293976	17797
92641.578101	11.145622	17798
92642.961134	8.917914	17799
92644.367525	8.608210	17800
92645.751234	7.327360	17801
92647.164616	7.551433	17802
92648.534411	7.517005	17803
92649.951175	10.355890	17804
92651.330739	11.645820	17805
92652.744697	9.534345	17806
92654.121805	10.036330	17807
92655.534863	9.867814	17808
92656.905483	10.363184	17809
92658.320059	8.598734	17810
92659.695140	8.814172	17811
92661.112846	9.702310	17812
92662.490685	10.007268	17813
92663.906054	8.474866	17814
92665.277239	9.575661	17815
92666.688027	8.570016	17816
92668.072480	9.433046	17817
92669.485728	10.842281	17818
92670.861450	10.581707	17819
92672.270678	10.000811	17820
92673.661494	9.408861	17821
92675.047851	6.423550	17822
92676.442683	8.553186	17823
92677.835819	12.955849	17824
92679.249947	4.928699	17825
92680.644641	11.204771	17826
92682.025061	9.424724	17827
92683.439249	13.005881	17828
92684.806687	13.133880	17829
92686.225066	10.099120	17830
92687.601758	11.362125	17831
92689.011902	5.742787	17832
92690.390422	9.881800	17833
92691.805540	7.768463	17834
92693.173602	7.783153	17835
92694.597356	9.112786	17836
92695.970986	9.473708	17837
92697.383275	10.865185	17838
92698.761622	11.743402	17839
92700.168919	8.124327	17840
92701.550238	9.980506	17841
92702.966544	11.896922	17842
92704.335247	8.391276	17843
92705.760337	7.616857	17844
92707.131783	9.182474	17845
92708.535399	5.553045	17846
92709.920388	8.242377	17847
92711.337588	10.415678	17848
92712.711871	8.088998	17849
92714.118510	8.541800	17850
92715.510795	7.373080	17851
92716.909745	9.337168	17852
92718.300150	10.949564	17853
92719.704364	8.650228	17854
92721.087085	11.053691	17855
92722.488624	8.945122	17856
92723.871970	10.195345	17857
92725.281710	9.528627	17858
92726.664831	10.237305	17859
92728.074070	8.496486	17860
92729.460740	10.487301	17861
92730.874239	7.407747	17862
92732.232740	7.984278	17863
92733.655083	10.205138	17864
92735.044773	7.137942	17865
92736.450841	8.584526	17866
92737.822373	8.960777	17867
92739.238331	8.685879	17868
92740.611204	8.705786	17869
92742.013517	6.714946	17870
92743.398853	8.118021	17871
92744.826761	8.107489	17872
92746.196384	9.333748	17873
92747.607601	7.823752	17874
92748.981498	8.103036	17875
92750.389981	8.381394	17876
92751.770683	10.247685	17877
92753.188376	9.165931	17878
92754.561966	9.152891	17879
92755.975874	7.010620	17880
92757.341933	6.034739	17881
92758.769842	7.343901	17882
92760.151869	6.765071	17883
92761.552262	11.151698	17884
92762.932721	11.586816	17885
92764.338404	8.267420	17886
92765.730677	7.167315	17887
92767.152205	10.927609	17888
92768.503408	6.155433	17889
92769.928813	11.977827	17890
92771.321933	5.823555	17891
92772.720883	9.071988	17892
92774.097074	9.968334	17893
92775.507208	8.641971	17894
92776.882980	10.427268	17895
92778.295786	6.814278	17896
92779.672241	10.827588	17897
92781.088664	9.206805	17898
92782.492452	7.647795	17899
92783.885781	9.200544	17900
92785.258148	10.876290	17901
92786.670839	6.291290	17902
92788.039680	9.510883	17903
92789.447808	7.465334	17904
92790.842069	11.413736	17905
92792.257155	7.389288	17906
92793.629572	6.558751	17907
92795.043761	9.666049	17908
92796.426971	6.247913	17909
92797.833529	10.615649	17910
92799.230471	6.265683	17911
92800.620977	10.038642	17912
92801.995666	9.355316	17913
92803.401005	5.917053	17914
92804.798101	8.124180	17915
92806.201145	9.657721	17916
92807.571895	22.130722	17917
92809.002784	7.842143	17918
92810.377812	9.048121	17919
92811.784303	12.024100	17920
92813.166216	9.958834	17921
92814.535196	5.602919	17922
92815.955822	12.686934	17923
92817.317002	2.756803	17924
92818.748668	12.013232	17925
92820.142292	11.283428	17926
92821.499879	4.302093	17927
92822.940557	12.951525	17928
92824.319972	6.303422	17929
92825.729220	7.069929	17930
92827.143707	6.099598	17931
92828.512050	9.021821	17932
92829.900643	11.613792	17933
92831.310069	10.624110	17934
92832.692812	5.842035	17935
92834.103319	10.500945	17936
92835.482831	7.873798	17937
92836.894350	11.529063	17938
92838.269958	8.264536	17939
92839.679411	9.176107	17940
92841.062133	12.219498	17941
92842.467737	8.902550	17942
92843.850596	10.487007	17943
92845.265907	9.171839	17944
92846.642267	5.673509	17945
92848.055483	9.317010	17946
92849.428477	9.085483	17947
92850.839925	10.170968	17948
92852.215742	11.340966	17949
92853.623156	8.817697	17950
92855.001342	8.341998	17951
92856.419812	9.294765	17952
92857.802376	7.455148	17953
92859.210645	9.673786	17954
92860.604187	17.088119	17955
92861.982039	12.697921	17956
92863.426409	2.348643	17957
92864.796390	17.870627	17958
92866.178276	11.402412	17959
92867.583530	8.510866	17960
92869.006703	2.664084	17961
92870.350420	5.128843	17962
92871.744061	10.541894	17963
92873.157424	12.758878	17964
92874.541592	10.072236	17965
92875.957795	8.883790	17966
92877.336765	9.974255	17967
92878.740505	9.330845	17968
92880.125556	12.198730	17969
92881.524836	4.521785	17970
92882.888389	2.331243	17971
92884.360723	5.285333	17972
92885.690005	3.558029	17973
92887.126779	9.071049	17974
92888.505304	7.234687	17975
92889.904241	9.284735	17976
92891.286236	10.408641	17977
92892.699331	8.392152	17978
92894.078958	9.701210	17979
92895.466384	4.537795	17980
92896.848265	4.049778	17981
92898.250590	11.069603	17982
92899.662637	3.411848	17983
92901.050052	11.108718	17984
92902.445478	6.919729	17985
92903.864212	13.088183	17986
92905.242205	7.016335	17987
92906.661717	6.616424	17988
92908.035497	7.005747	17989
92909.448227	6.578439	17990
92910.832386	6.709429	17991
92912.227242	9.116112	17992
92913.610617	6.731405	17993
92915.020492	11.006770	17994
92916.390054	10.579074	17995
92917.797397	7.313740	17996
92919.169684	6.725220	17997
92920.611518	4.741325	17998
92921.958233	6.145388	17999
92923.397207	6.842733	18000
92924.777040	5.659561	18001
92926.180050	8.240435	18002
92927.556280	9.147967	18003
92928.968571	9.680610	18004
92930.351454	10.327215	18005
92931.771177	4.392465	18006
92933.097248	3.499049	18007
92934.567635	7.137311	18008
92935.917929	6.950481	18009
92937.347465	7.701524	18010
92938.713083	7.606484	18011
92940.122296	8.846975	18012
92941.520553	7.154257	18013
92942.920482	8.797319	18014
92944.295092	7.450071	18015
92945.715968	8.927559	18016
92947.091430	6.728147	18017
92948.505520	8.679953	18018
92949.879661	8.182878	18019
92951.296611	7.950182	18020
92952.685418	6.505664	18021
92954.076608	8.981038	18022
92955.460117	11.026613	18023
92956.881693	5.080904	18024
92958.240930	7.888241	18025
92959.671728	5.948460	18026
92960.997433	2.606973	18027
92962.457234	9.140321	18028
92963.840299	6.636102	18029
92965.242120	9.915026	18030
92966.624065	7.943805	18031
92968.039195	8.060486	18032
92969.413977	9.062309	18033
92970.835723	8.099764	18034
92972.202882	5.947013	18035
