time (s)	theta (A)	maj axis/z0	min axis/z0	crossing#mod 255
88652.400431	92.811455	1.861521	-0.468307	91
88655.180120	90.264206	1.860967	-0.467300	93
88657.971138	87.982941	1.847485	-0.458793	95
88660.766515	90.673958	1.817661	-0.455192	97
88663.558990	91.577644	1.855173	-0.467580	99
88666.347155	88.465157	1.869112	-0.466865	101
88669.136858	88.994858	1.802884	-0.452429	103
88671.933709	91.400978	1.838378	-0.462301	105
88674.722741	89.685822	1.863641	-0.469483	107
88677.505371	87.252975	1.819785	-0.457202	109
88680.300618	89.286606	1.810758	-0.456250	111
88683.099672	91.330345	1.827416	-0.461779	113
88685.889623	91.025444	1.821581	-0.463920	115
88688.679113	90.146843	1.823702	-0.463833	117
88691.466679	89.614746	1.813730	-0.462548	119
88694.259892	89.314407	1.805018	-0.461353	121
88697.052943	89.499504	1.802154	-0.461997	123
88699.846578	89.836151	1.807093	-0.461043	125
88702.632049	88.895485	1.819990	-0.458685	127
88705.415282	87.547752	1.819166	-0.459047	129
88708.208707	87.781128	1.794960	-0.460277	131
88711.007508	88.853470	1.779367	-0.462502	133
88713.796719	88.511955	1.812197	-0.456501	135
88716.579882	87.651855	1.812342	-0.458984	137
88719.372744	87.703072	1.774480	-0.461963	139
88722.172604	88.564926	1.775215	-0.461057	141
88724.961076	88.192627	1.803395	-0.457242	143
88727.744831	86.928963	1.802318	-0.459969	145
88730.533416	86.356194	1.786209	-0.458088	147
88733.326793	86.550667	1.782094	-0.457644	149
88736.120358	87.047729	1.780604	-0.457577	151
88738.910820	86.707573	1.782309	-0.457821	153
88741.699908	86.000664	1.786640	-0.457863	155
88744.489407	85.214897	1.766881	-0.454790	157
88747.283801	86.372261	1.751095	-0.453384	159
88750.081345	88.638298	1.766340	-0.457212	161
88752.873352	88.583321	1.780493	-0.464297	163
88755.655937	85.512917	1.780174	-0.460400	165
88758.444847	84.604416	1.742977	-0.449329	167
88761.243268	87.733467	1.739836	-0.450806	169
88764.037011	88.203117	1.757852	-0.458711	171
88766.822454	86.097115	1.763323	-0.457948	173
88769.608279	84.100784	1.741358	-0.450341	175
88772.400327	84.828392	1.722607	-0.448261	177
88775.196105	86.402534	1.728024	-0.451286	179
88777.990616	87.093132	1.735134	-0.453077	181
88780.782364	87.049828	1.735391	-0.453206	183
88783.572806	86.818001	1.731510	-0.452936	185
88786.360506	86.118019	1.734218	-0.453312	187
88789.147414	84.800018	1.739220	-0.453036	189
88791.934980	84.246231	1.726174	-0.451425	191
88794.729208	84.846313	1.709659	-0.453383	193
88797.527992	85.639587	1.702784	-0.455874	195
88800.319811	85.749222	1.721205	-0.453346	197
88803.103009	84.711784	1.737479	-0.452974	199
88805.889633	83.963394	1.719880	-0.452934	201
88808.685805	84.586884	1.699885	-0.455587	203
88811.483409	85.442436	1.694690	-0.455780	205
88814.274761	85.515800	1.703073	-0.452457	207
88817.060967	84.640884	1.715978	-0.453037	209
88819.847030	83.747902	1.711332	-0.455569	211
88822.635714	82.822456	1.706659	-0.454695	213
88825.426483	82.527000	1.700166	-0.452705	215
88828.217693	82.255692	1.694713	-0.451428	217
88831.008844	82.023308	1.687559	-0.451352	219
88833.801978	82.789459	1.678992	-0.451320	221
88836.596963	84.151169	1.677291	-0.451663	223
88839.392877	85.359489	1.683248	-0.453222	225
88842.184647	85.288727	1.688048	-0.456373	227
88844.970413	83.879684	1.696078	-0.457358	229
88847.755858	81.472282	1.685871	-0.452223	231
88850.546471	81.641823	1.659163	-0.446920	233
88853.343462	83.967400	1.659585	-0.449257	235
88856.139343	84.953194	1.671910	-0.453344	237
88858.928235	84.069252	1.672486	-0.455765	239
88861.713886	82.701004	1.674958	-0.453517	241
88864.500714	80.998337	1.664474	-0.449301	243
88867.290671	80.584343	1.654568	-0.447685	245
88870.083274	81.283394	1.647354	-0.449525	247
88872.876359	82.057678	1.647064	-0.451328	249
88875.668172	82.236694	1.652457	-0.452651	251
88878.458514	82.079659	1.652017	-0.453191	253
88881.247245	81.394180	1.654654	-0.452968	255
88884.035862	80.801575	1.649627	-0.451046	1
88886.826862	80.738068	1.645674	-0.448849	3
88889.621037	81.410378	1.636585	-0.450838	5
88892.417117	82.264580	1.627244	-0.453740	7
88895.212525	82.734222	1.625106	-0.453282	9
88898.001906	82.364853	1.638378	-0.451507	11
88900.786000	81.398308	1.648848	-0.451219	13
88903.571638	80.455360	1.638050	-0.451317	15
88906.364528	80.461540	1.624704	-0.450845	17
88909.161046	81.333626	1.615459	-0.452439	19
88911.956597	82.201164	1.614312	-0.453346	21
88914.749009	82.356277	1.617140	-0.452860	23
88917.538551	82.063713	1.622969	-0.451979	25
88920.327107	81.850716	1.626532	-0.452243	27
88923.115150	81.100983	1.624568	-0.452561	29
88925.904063	80.528786	1.619451	-0.452769	31
88928.693258	79.902679	1.614220	-0.452186	33
88931.483927	79.813568	1.608654	-0.451808	35
88934.275429	79.909653	1.602888	-0.451399	37
88937.067637	80.302292	1.598263	-0.451039	39
88939.860928	80.817032	1.597772	-0.451010	41
88942.654268	81.213791	1.601271	-0.451351	43
88945.447621	81.827553	1.600236	-0.451133	45
88948.239545	81.779099	1.596325	-0.452356	47
88951.029503	81.299278	1.596341	-0.453968	49
88953.816930	80.375549	1.596792	-0.453174	51
88956.602680	78.679977	1.601324	-0.451049	53
88959.390125	77.388481	1.586592	-0.447747	55
88962.183022	78.060860	1.574455	-0.447108	57
88964.979858	80.346756	1.576725	-0.450437	59
88967.775508	81.134033	1.583010	-0.451479	61
88970.566919	80.872147	1.580936	-0.453293	63
88973.355370	80.155602	1.579241	-0.453281	65
88976.143329	79.345551	1.576185	-0.451507	67
88978.931407	78.679482	1.575334	-0.449939	69
88981.720313	77.890526	1.575519	-0.448133	71
88984.509502	77.324089	1.571528	-0.446653	73
88987.299245	76.987289	1.569008	-0.446270	75
88990.089618	76.719917	1.564632	-0.446711	77
88992.880336	76.489769	1.563155	-0.446624	79
88995.671585	76.404289	1.561614	-0.446868	81
88998.462105	76.555931	1.560689	-0.446985	83
89001.252692	76.484749	1.557837	-0.446999	85
89004.044257	76.518044	1.555577	-0.446477	87
89006.835491	76.622482	1.553309	-0.446630	89
89009.627528	76.799446	1.550618	-0.447147	91
89012.420013	77.128677	1.550037	-0.448270	93
89015.212496	77.302338	1.545222	-0.449501	95
89018.005711	77.693604	1.540975	-0.450617	97
89020.799396	78.068726	1.535006	-0.450851	99
89023.592853	78.507034	1.529488	-0.450632	101
89026.385116	78.437767	1.532450	-0.450224	103
89029.174769	78.187263	1.536379	-0.448641	105
89031.961056	77.320847	1.543412	-0.448185	107
89034.746017	76.211899	1.543009	-0.449552	109
89037.533930	75.554871	1.534666	-0.448132	111
89040.327084	75.806053	1.525462	-0.447222	113
89043.121864	76.422127	1.520493	-0.449323	115
89045.916248	76.963760	1.517623	-0.449984	117
89048.709353	77.207588	1.514334	-0.449596	119
89051.500955	77.300606	1.514633	-0.449726	121
89054.291889	77.391449	1.514859	-0.450071	123
89057.082385	77.432617	1.513970	-0.450377	125
89059.871567	76.773994	1.514031	-0.450267	127
89062.659289	76.245239	1.516871	-0.449413	129
89065.446531	74.983582	1.516281	-0.448042	131
89068.234572	73.849884	1.510843	-0.445936	133
89071.026022	74.073219	1.496140	-0.444942	135
89073.821634	75.772285	1.493127	-0.446864	137
89076.617662	77.053146	1.499948	-0.448026	139
89079.411491	77.138992	1.502033	-0.449068	141
89082.202777	77.155693	1.498499	-0.450499	143
89084.993003	76.837433	1.495375	-0.451026	145
89087.783183	76.395782	1.491648	-0.450752	147
89090.573455	76.082199	1.488145	-0.449761	149
89093.364141	75.932060	1.483478	-0.449061	151
89096.155726	75.918221	1.479944	-0.448128	153
89098.947508	75.903717	1.477664	-0.448440	155
89101.739418	75.935028	1.476641	-0.447816	157
89104.530087	75.975044	1.476524	-0.447276	159
89107.317948	75.465050	1.482823	-0.446248	161
89110.103712	74.513695	1.485686	-0.446933	163
89112.889137	73.446281	1.482953	-0.447429	165
89115.678532	73.002869	1.473149	-0.445180	167
89118.472006	73.497406	1.468864	-0.445178	169
89121.266860	73.918816	1.463546	-0.446203	171
89124.060237	74.159996	1.461540	-0.447198	173
89126.852668	74.390594	1.461499	-0.448385	175
89129.643846	74.372086	1.461696	-0.448638	177
89132.433658	74.136292	1.461906	-0.448700	179
89135.222286	73.752663	1.463795	-0.448257	181
89138.009798	72.784332	1.462955	-0.446883	183
89140.797601	71.746330	1.460760	-0.445011	185
89143.587665	71.322060	1.446759	-0.442949	187
89146.381912	72.446358	1.440644	-0.443729	189
89149.177865	73.916176	1.444360	-0.445769	191
89151.972856	74.671173	1.448395	-0.446226	193
89154.765722	74.664009	1.445680	-0.447098	195
89157.556742	74.423180	1.441339	-0.446849	197
89160.347350	74.284576	1.438919	-0.446703	199
89163.138291	74.152481	1.434360	-0.446253	201
89165.929427	74.007469	1.433485	-0.445350	203
89168.720148	73.891655	1.432520	-0.444522	205
89171.509715	73.658798	1.433259	-0.443839	207
89174.297245	72.965210	1.437974	-0.443412	209
89177.082653	72.048927	1.437009	-0.443928	211
89179.868465	70.889374	1.433292	-0.443075	213
89182.658438	70.766998	1.429367	-0.441869	215
89185.452225	71.140121	1.422992	-0.442641	217
89188.246474	71.601410	1.419406	-0.443591	219
89191.039142	71.896812	1.417570	-0.444016	221
89193.831289	72.007576	1.416511	-0.444452	223
89196.621052	71.752922	1.419714	-0.444448	225
89199.409905	71.226303	1.419385	-0.444290	227
89202.197993	70.257759	1.421344	-0.442980	229
89204.986077	69.355911	1.413599	-0.440491	231
89207.777692	69.467079	1.402674	-0.439439	233
89210.571837	70.648239	1.398187	-0.440528	235
89213.368077	72.037994	1.402357	-0.442700	237
89216.162374	72.548836	1.404477	-0.442896	239
89218.955014	72.384071	1.402700	-0.442752	241
89221.746100	72.329819	1.401825	-0.443336	243
89224.537234	72.330635	1.397685	-0.442994	245
89227.328015	71.915543	1.396189	-0.442335	247
89230.117421	71.865341	1.394340	-0.441646	249
89232.905499	71.306557	1.398359	-0.441357	251
89235.691949	70.576111	1.398985	-0.442029	253
89238.478539	69.355301	1.396515	-0.441829	255
89241.266263	68.989624	1.390732	-0.439667	1
89244.058672	68.909332	1.387161	-0.439243	3
89246.852290	69.442543	1.383415	-0.440861	5
89249.645677	69.730797	1.380500	-0.441571	7
89252.437543	69.698807	1.381369	-0.441872	9
89255.228107	69.625145	1.381538	-0.441019	11
89258.016952	69.082397	1.383287	-0.440703	13
89260.805363	68.213982	1.379546	-0.438818	15
89263.593892	67.383522	1.377088	-0.437805	17
89266.385541	67.579628	1.368027	-0.437830	19
89269.179960	68.771790	1.363119	-0.438725	21
89271.975149	69.939751	1.366251	-0.440451	23
89274.769668	70.561897	1.368734	-0.440820	25
89277.562055	70.466316	1.368967	-0.440752	27
89280.353709	70.352806	1.367305	-0.441223	29
89283.144890	70.202950	1.365471	-0.440740	31
89285.934311	69.952522	1.363598	-0.440150	33
89288.722825	69.432442	1.366032	-0.439939	35
89291.509589	68.593826	1.365573	-0.439872	37
89294.295047	67.847778	1.362852	-0.439939	39
89297.083017	66.976677	1.357788	-0.438220	41
89299.875025	66.880974	1.354133	-0.436824	43
89302.668314	67.276421	1.351166	-0.437775	45
89305.461763	67.585800	1.348202	-0.438189	47
89308.253051	67.803185	1.346999	-0.439021	49
89311.043467	67.381508	1.347587	-0.438013	51
89313.832633	66.783798	1.349153	-0.437646	53
89316.621222	66.010170	1.347072	-0.436371	55
89319.410779	65.474823	1.340518	-0.435630	57
89322.202645	65.927765	1.332168	-0.435257	59
89324.997673	67.179543	1.330535	-0.436847	61
89327.792634	68.291138	1.332142	-0.437505	63
89330.587130	68.598976	1.333718	-0.436902	65
89333.378911	68.568596	1.330632	-0.436987	67
89336.169951	68.471100	1.331087	-0.437344	69
89338.960281	68.308174	1.331087	-0.437556	71
89341.749061	67.862198	1.330257	-0.436961	73
89344.536545	67.082756	1.332276	-0.437468	75
89347.322768	66.179001	1.330340	-0.437462	77
89350.109942	65.364540	1.324968	-0.435695	79
89352.900433	65.176964	1.321458	-0.434124	81
89355.693396	65.411148	1.320168	-0.434470	83
89358.487007	65.644310	1.317913	-0.435593	85
89361.278831	65.806328	1.318208	-0.436112	87
89364.069031	65.760239	1.317961	-0.436816	89
89366.858439	65.057983	1.320774	-0.436411	91
89369.647203	64.251251	1.318437	-0.434891	93
89372.436750	63.882381	1.308806	-0.433197	95
89375.228979	64.196190	1.301993	-0.432860	97
89378.023674	65.394165	1.299551	-0.434294	99
89380.818642	66.410706	1.301631	-0.434941	101
89383.612485	66.710999	1.302703	-0.434491	103
89386.404882	66.692772	1.303268	-0.434616	105
89389.195762	66.613800	1.303596	-0.435107	107
89391.985479	66.327499	1.302226	-0.434791	109
89394.773930	65.946426	1.301857	-0.434598	111
89397.560897	65.040016	1.302727	-0.434908	113
89400.347253	64.195885	1.299963	-0.434177	115
89403.135266	63.459362	1.294559	-0.431965	117
89405.926479	63.474083	1.290994	-0.431294	119
89408.719843	63.836411	1.288401	-0.431854	121
89411.513175	64.140831	1.286827	-0.432493	123
89414.304706	64.111511	1.285500	-0.432782	125
89417.094753	63.772755	1.285842	-0.432395	127
89419.883681	63.312439	1.286659	-0.431897	129
89422.672400	62.448441	1.284808	-0.430250	131
89425.462785	62.112820	1.277754	-0.429250	133
89428.255782	62.738594	1.271364	-0.430157	135
89431.050262	63.978035	1.270606	-0.431953	137
89433.845026	64.767189	1.274096	-0.432723	139
89436.638443	64.962135	1.275470	-0.432458	141
89439.430284	65.008690	1.271761	-0.431573	143
89442.221742	64.956253	1.272626	-0.431535	145
89445.010408	64.346626	1.270976	-0.430385	147
89447.798210	63.931866	1.270817	-0.430770	149
89450.585031	63.089073	1.271428	-0.431153	151
89453.371672	62.196865	1.269847	-0.430908	153
89456.160908	61.698002	1.264789	-0.429078	155
89458.952777	61.943661	1.262362	-0.428250	157
89461.746378	62.238766	1.259120	-0.428529	159
89464.538722	62.402283	1.257899	-0.429282	161
89467.329505	62.205894	1.255770	-0.428664	163
89470.120409	61.761784	1.256453	-0.428206	165
89472.907359	61.018314	1.255813	-0.427470	167
89475.697759	60.626751	1.251290	-0.426036	169
89478.489141	60.761078	1.242520	-0.425437	171
89481.282849	61.598122	1.239449	-0.426385	173
89484.077996	62.662983	1.241971	-0.427878	175
89486.871730	63.155128	1.242852	-0.428230	177
89489.664309	63.298096	1.244331	-0.428105	179
89492.455412	63.153000	1.244290	-0.428519	181
89495.245474	62.857334	1.244994	-0.428438	183
89498.033643	62.392208	1.244674	-0.428364	185
89500.820255	61.643677	1.243038	-0.428399	187
89503.606901	60.687870	1.241174	-0.428083	189
89506.395754	60.223873	1.238780	-0.426309	191
89509.187362	60.206112	1.235209	-0.425345	193
89511.980183	60.412048	1.232336	-0.425878	195
89514.772752	60.673054	1.229956	-0.426169	197
89517.565075	60.706459	1.229746	-0.425647	199
89520.354282	60.222927	1.232213	-0.425835	201
89523.143125	59.498253	1.231556	-0.424943	203
89525.932013	58.957294	1.224903	-0.423468	205
89528.723279	59.015488	1.217696	-0.422467	207
89531.517201	59.841778	1.212348	-0.423025	209
89534.312036	60.733875	1.212443	-0.423781	211
89537.105698	61.326294	1.214396	-0.424188	213
89539.898228	61.634098	1.214704	-0.424234	215
89542.689776	61.557697	1.213778	-0.423849	217
89545.479849	61.188671	1.213768	-0.423750	219
89548.268830	60.614075	1.214178	-0.423952	221
89551.055110	59.868999	1.214259	-0.424028	223
89553.841738	59.081413	1.212693	-0.423728	225
89556.630467	58.567600	1.209183	-0.422310	227
89559.421843	58.637459	1.206691	-0.421291	229
89562.215128	58.791626	1.205007	-0.421680	231
89565.007606	59.136883	1.203070	-0.422315	233
89567.799168	58.914124	1.203807	-0.422286	235
89570.588913	58.526569	1.203743	-0.421897	237
89573.377950	57.987602	1.203800	-0.421390	239
89576.166864	57.371361	1.199672	-0.420387	241
89578.958094	57.365387	1.193795	-0.419655	243
89581.751794	58.080559	1.187111	-0.419641	245
89584.546353	59.130791	1.186602	-0.420427	247
89587.340310	59.667137	1.188790	-0.420639	249
89590.132800	59.745785	1.189618	-0.420633	251
89592.923654	59.817230	1.189634	-0.420294	253
89595.713566	59.440521	1.189658	-0.420340	255
89598.501436	58.805176	1.189089	-0.420429	1
89601.288595	58.008263	1.188325	-0.420002	3
89604.075434	57.287560	1.186245	-0.419299	5
89606.865277	56.910904	1.183174	-0.417551	7
89609.657164	56.979172	1.180286	-0.417096	9
89612.449640	57.219975	1.179069	-0.417743	11
89615.242113	57.340481	1.178313	-0.418317	13
89618.033449	57.226139	1.177422	-0.417782	15
89620.822813	56.745083	1.178265	-0.417118	17
89623.611471	56.194355	1.176402	-0.416498	19
89626.401285	55.774532	1.171811	-0.415342	21
89629.193456	55.960697	1.164244	-0.414632	23
89631.987737	56.843861	1.161375	-0.415176	25
89634.782021	57.631527	1.161866	-0.416304	27
89637.575526	58.063698	1.165028	-0.416706	29
89640.367677	58.192780	1.166038	-0.416955	31
89643.157978	57.961227	1.166372	-0.416781	33
89645.947059	57.689442	1.166370	-0.417344	35
89648.734709	56.912518	1.165883	-0.417107	37
89651.521066	56.018906	1.164393	-0.417043	39
89654.308902	55.552238	1.161033	-0.415317	41
89657.100500	55.412872	1.157983	-0.414187	43
89659.893491	55.561989	1.155885	-0.413771	45
89662.685458	55.749817	1.155028	-0.414503	47
89665.476955	55.705563	1.153919	-0.414887	49
89668.267254	55.516312	1.155436	-0.414630	51
89671.056697	55.012104	1.153952	-0.413612	53
89673.845649	54.421101	1.149449	-0.412772	55
89676.635898	54.279842	1.144673	-0.411660	57
89679.429011	54.728790	1.138614	-0.411080	59
89682.223380	55.646904	1.137288	-0.411725	61
89685.017774	56.369991	1.138431	-0.412708	63
89687.810795	56.694241	1.140561	-0.412995	65
89690.601996	56.538528	1.140816	-0.412981	67
89693.391276	56.281761	1.140750	-0.412696	69
89696.180156	55.743420	1.140083	-0.412615	71
89698.967076	54.969582	1.138703	-0.412299	73
89701.754285	54.287746	1.136849	-0.411154	75
89704.543023	53.773174	1.136370	-0.410772	77
89707.335001	53.843525	1.134398	-0.410108	79
89710.128236	54.080956	1.131397	-0.410560	81
89712.920885	54.252262	1.131749	-0.410827	83
89715.711630	54.068634	1.131581	-0.410847	85
89718.500958	53.577168	1.130965	-0.410105	87
89721.289898	53.083775	1.129081	-0.409187	89
89724.079319	52.769745	1.125317	-0.407957	91
89726.871676	52.823177	1.119723	-0.407691	93
89729.665447	53.591972	1.116282	-0.408259	95
89732.459040	54.340904	1.116331	-0.408881	97
89735.252439	54.789165	1.117759	-0.409436	99
89738.043358	54.861061	1.117614	-0.409081	101
89740.835011	54.735519	1.117161	-0.408164	103
89743.624260	54.202370	1.117267	-0.408361	105
89746.410125	53.516525	1.118184	-0.408684	107
89749.198396	52.881237	1.116357	-0.408374	109
89751.987443	52.422073	1.113259	-0.406409	111
89754.778902	52.339523	1.111405	-0.406014	113
89757.570996	52.368393	1.110110	-0.405962	115
89760.363040	52.636585	1.108860	-0.406113	117
89763.154510	52.529587	1.108422	-0.406315	119
89765.944894	52.182362	1.108220	-0.405414	121
89768.734292	51.713211	1.106192	-0.404900	123
89771.523923	51.213230	1.103829	-0.403421	125
89774.314889	51.212036	1.097755	-0.403208	127
89777.107429	51.856537	1.093846	-0.403506	129
89779.902004	52.606403	1.092745	-0.403972	131
89782.695294	53.061932	1.094504	-0.403882	133
89785.488124	53.160889	1.096373	-0.404721	135
89788.278249	53.076260	1.095459	-0.404385	137
89791.067174	52.705608	1.095400	-0.403950	139
89793.854630	52.045803	1.095405	-0.404113	141
89796.641651	51.411064	1.093900	-0.403644	143
89799.430833	50.948334	1.091716	-0.402560	145
89802.222208	50.601894	1.090692	-0.401877	147
89805.012587	50.813816	1.089486	-0.401798	149
89807.806719	51.184864	1.087353	-0.401775	151
89810.597983	50.987804	1.087909	-0.401827	153
89813.388829	50.740982	1.086957	-0.401842	155
89816.177155	50.238380	1.086524	-0.401231	157
89818.967036	49.836182	1.084305	-0.400432	159
89821.757763	49.724701	1.078485	-0.399559	161
89824.550868	50.274044	1.075383	-0.399708	163
89827.345281	50.967159	1.073796	-0.400295	165
89830.138509	51.478153	1.074627	-0.400937	167
89832.930859	51.589706	1.075052	-0.400780	169
89835.721193	51.490868	1.076367	-0.400228	171
89838.510059	51.130123	1.075981	-0.400496	173
89841.298163	50.535843	1.075362	-0.400547	175
89844.085815	49.839176	1.075574	-0.400276	177
89846.873943	49.349224	1.073948	-0.399343	179
89849.665452	49.342087	1.071560	-0.398293	181
89852.458030	49.559998	1.070251	-0.397973	183
89855.250556	49.621399	1.068090	-0.397985	185
89858.041611	49.590046	1.067487	-0.398013	187
89860.831328	49.167229	1.068315	-0.397536	189
89863.620153	48.753208	1.066179	-0.396389	191
89866.410708	48.322472	1.063829	-0.395927	193
89869.201737	48.400352	1.060180	-0.395381	195
89871.993365	48.855007	1.055081	-0.395051	197
89874.787985	49.474056	1.054275	-0.395305	199
89877.581085	49.979664	1.055102	-0.395398	201
89880.373945	50.048264	1.055145	-0.395446	203
89883.163877	49.906414	1.055285	-0.394998	205
89885.952564	49.333763	1.055331	-0.394479	207
89888.740285	48.758976	1.055173	-0.394723	209
89891.528169	48.237411	1.054186	-0.393965	211
89894.317854	47.984177	1.052025	-0.392711	213
89897.109283	48.007328	1.051170	-0.392408	215
89899.901715	48.171711	1.049000	-0.391921	217
89902.694188	48.169376	1.049355	-0.392500	219
89905.484431	48.010712	1.048363	-0.392696	221
89908.275165	47.687141	1.051031	-0.393060	223
89911.064450	47.294212	1.049151	-0.392612	225
89913.853782	46.858032	1.046648	-0.391882	227
89916.644574	46.995319	1.042583	-0.391192	229
89919.438546	47.536709	1.037670	-0.391007	231
89922.231528	48.040798	1.037980	-0.391162	233
89925.024912	48.391823	1.036409	-0.391261	235
89927.815450	48.292324	1.038152	-0.390832	237
89930.604700	48.122551	1.036037	-0.390312	239
89933.394338	47.651848	1.036103	-0.390092	241
89936.183185	46.999882	1.035985	-0.389500	243
89938.971287	46.653824	1.034594	-0.388979	245
89941.760099	46.429115	1.034193	-0.388514	247
89944.553011	46.472988	1.033283	-0.387974	249
89947.344719	46.600986	1.032318	-0.388112	251
89950.136069	46.605598	1.032824	-0.388538	253
89952.926958	46.324509	1.032094	-0.388117	255
89955.716317	45.951019	1.030364	-0.387337	1
89958.507031	45.624992	1.029012	-0.386970	3
89961.297701	45.518860	1.024212	-0.385873	5
89964.090018	45.792515	1.020627	-0.385273	7
89966.882567	46.291733	1.017800	-0.385365	9
89969.675561	46.656761	1.017790	-0.385472	11
89972.467904	46.836933	1.018106	-0.385560	13
89975.258527	46.798256	1.018823	-0.385729	15
89978.048077	46.458858	1.019611	-0.386148	17
89980.836322	45.986450	1.019374	-0.385894	19
89983.625095	45.473148	1.019109	-0.384980	21
89986.414574	45.056709	1.017774	-0.384001	23
89989.204855	45.074318	1.016826	-0.383600	25
89991.996773	45.216125	1.013842	-0.383200	27
89994.788784	45.229359	1.013384	-0.383445	29
89997.580619	45.153267	1.013511	-0.383205	31
90000.370933	44.940552	1.013735	-0.382849	33
90003.159937	44.455490	1.011733	-0.381349	35
90005.949547	44.107883	1.008597	-0.380656	37
90008.740642	44.176949	1.004720	-0.379581	39
90011.533670	44.554024	1.001754	-0.379875	41
90014.326660	45.050117	1.002631	-0.380502	43
90017.119357	45.427258	1.000543	-0.380499	45
90019.908555	45.229969	1.001070	-0.379870	47
90022.699244	45.051071	1.001363	-0.379384	49
90025.487998	44.654926	1.001565	-0.379614	51
90028.277428	44.135159	0.999402	-0.378645	53
90031.065322	43.769753	0.999027	-0.377991	55
90033.856723	43.780090	0.998446	-0.377498	57
90036.649529	43.849995	0.996671	-0.377248	59
90039.441313	43.885704	0.995764	-0.377359	61
90042.233156	43.842987	0.995250	-0.377424	63
90045.022300	43.499981	0.995807	-0.377469	65
90047.812375	43.281250	0.994532	-0.376662	67
90050.602115	42.940968	0.991304	-0.375909	69
90053.393525	42.716030	0.987855	-0.374290	71
90056.185567	42.972878	0.985309	-0.374423	73
90058.977741	43.393505	0.983612	-0.374849	75
90061.769986	43.678204	0.982812	-0.374426	77
90064.562079	43.786018	0.983368	-0.374161	79
90067.352494	43.655132	0.983629	-0.374209	81
90070.141075	43.364590	0.983456	-0.374093	83
90072.929493	42.710339	0.983424	-0.373659	85
90075.718798	42.381920	0.982751	-0.372923	87
90078.510186	42.301289	0.982717	-0.372880	89
90081.301164	42.498085	0.981360	-0.372615	91
90084.093128	42.628258	0.979884	-0.372550	93
90086.883991	42.404987	0.977960	-0.371997	95
90089.674888	42.203041	0.977916	-0.371102	97
90092.465712	42.090237	0.976334	-0.370350	99
90095.255018	41.578510	0.974798	-0.370100	101
90098.045905	41.483490	0.971250	-0.369204	103
90100.836785	41.706028	0.968793	-0.368979	105
90103.629947	42.053288	0.966523	-0.368980	107
90106.422739	42.180515	0.966549	-0.368974	109
90109.214155	42.460091	0.966437	-0.369100	111
90112.003996	42.288715	0.966919	-0.369116	113
90114.793739	41.952137	0.967030	-0.369078	115
90117.581920	41.547337	0.966503	-0.368658	117
90120.371512	41.269295	0.965478	-0.368215	119
90123.162126	41.079124	0.965142	-0.367630	121
90125.953519	41.120834	0.964535	-0.367318	123
90128.745276	41.246334	0.962657	-0.367410	125
90131.537290	41.136082	0.963047	-0.367364	127
90134.327300	40.968201	0.962685	-0.367178	129
90137.118131	40.667160	0.962783	-0.366865	131
90139.907944	40.300133	0.960561	-0.366360	133
90142.697376	40.166088	0.957308	-0.365451	135
90145.488866	40.218468	0.955373	-0.364781	137
90148.281244	40.502670	0.952408	-0.364425	139
90151.074452	40.755867	0.952201	-0.364696	141
90153.865567	40.856323	0.951448	-0.364327	143
90156.655865	40.803516	0.951306	-0.363978	145
90159.445434	40.540337	0.951341	-0.364029	147
90162.234774	40.215565	0.951617	-0.363705	149
90165.024659	39.870922	0.951182	-0.363239	151
90167.814423	39.725235	0.951581	-0.362995	153
90170.605207	39.749565	0.950515	-0.362644	155
90173.397474	39.787037	0.949095	-0.362130	157
90176.189401	40.029739	0.948198	-0.361799	159
90178.980996	39.799862	0.946691	-0.361222	161
90181.770448	39.371990	0.946869	-0.360974	163
90184.559247	39.030991	0.945150	-0.360009	165
90187.349441	38.855648	0.942767	-0.359506	167
90190.140896	38.931934	0.939528	-0.358813	169
90192.933445	39.042023	0.938046	-0.358771	171
90195.724626	39.349255	0.937979	-0.359268	173
90198.516870	39.502876	0.937451	-0.359223	175
90201.306760	39.422318	0.937393	-0.359124	177
90204.097157	39.250282	0.937232	-0.358498	179
90206.887160	38.990356	0.936641	-0.358169	181
90209.675564	38.657070	0.935564	-0.357289	183
90212.465908	38.477852	0.934884	-0.356687	185
90215.257137	38.393314	0.935115	-0.357017	187
90218.049213	38.609646	0.934213	-0.357251	189
90220.841583	38.531830	0.933624	-0.357030	191
90223.631205	38.442501	0.933105	-0.356703	193
90226.422534	38.208622	0.932923	-0.356389	195
90229.211380	37.809052	0.930585	-0.355492	197
90232.001868	37.625221	0.928497	-0.354493	199
90234.792173	37.643749	0.925996	-0.354326	201
90237.584548	37.908527	0.924088	-0.353760	203
90240.376894	38.046120	0.922694	-0.353455	205
90243.167710	38.262962	0.922867	-0.353489	207
90245.958943	38.251354	0.922335	-0.353233	209
90248.749336	37.923336	0.921773	-0.352865	211
90251.539086	37.540913	0.921792	-0.352345	213
90254.328109	37.281975	0.921246	-0.351721	215
90257.117266	37.191654	0.920583	-0.351214	217
90259.908692	37.196690	0.919131	-0.350854	219
90262.701869	37.388592	0.918757	-0.350856	221
90265.491167	37.451614	0.917602	-0.351012	223
90268.283377	37.130436	0.917365	-0.350275	225
90271.073397	36.940208	0.916501	-0.349947	227
90273.862960	36.705254	0.914255	-0.348975	229
90276.653605	36.284508	0.912704	-0.347973	231
90279.444329	36.276917	0.910392	-0.347546	233
90282.236271	36.511463	0.907808	-0.346980	235
90285.028283	36.785942	0.906306	-0.346507	237
90287.820688	36.871471	0.906222	-0.346639	239
90290.610544	36.686222	0.906412	-0.346560	241
90293.400341	36.602402	0.906632	-0.346200	243
90296.189599	36.458363	0.905651	-0.346098	245
90298.979483	36.016045	0.906557	-0.346014	247
90301.769274	35.950676	0.907015	-0.345954	249
90304.561487	36.055099	0.906447	-0.346061	251
90307.353007	36.123856	0.906011	-0.346132	253
90310.144188	36.059547	0.905470	-0.345889	255
90312.935204	36.029861	0.904340	-0.345554	1
90315.726168	35.762722	0.903505	-0.345052	3
90318.515633	35.400322	0.901943	-0.344017	5
90321.305215	35.158298	0.900054	-0.343281	7
90324.096228	35.067577	0.896809	-0.342365	9
90326.888152	35.239735	0.895140	-0.341581	11
90329.680153	35.525230	0.893174	-0.340998	13
90332.472201	35.685158	0.891990	-0.340681	15
90335.262230	35.616531	0.893703	-0.340989	17
90338.052593	35.473682	0.894252	-0.341047	19
90340.840382	35.215359	0.893683	-0.341280	21
90343.629576	34.932026	0.894091	-0.340754	23
90346.418874	34.792217	0.893311	-0.340603	25
90349.211265	34.910751	0.893013	-0.340776	27
90352.004267	34.969994	0.891486	-0.340550	29
90354.795644	34.995968	0.890337	-0.339901	31
90357.585289	34.719494	0.889652	-0.339305	33
90360.376018	34.545074	0.889930	-0.338676	35
90363.166740	34.321590	0.887028	-0.337954	37
90365.957465	33.880413	0.885793	-0.336743	39
90368.748281	33.850380	0.883462	-0.336391	41
90371.539148	34.027893	0.881529	-0.335870	43
90374.331120	34.248066	0.881019	-0.335493	45
90377.121464	34.485294	0.880395	-0.335341	47
90379.913695	34.487316	0.879390	-0.335050	49
90382.703373	34.204952	0.878725	-0.334652	51
90385.492343	33.859653	0.879824	-0.334645	53
90388.281567	33.735626	0.880618	-0.334402	55
90391.072287	33.697514	0.880118	-0.334536	57
90393.864345	33.764408	0.879802	-0.334241	59
90396.656783	33.810665	0.877473	-0.334141	61
90399.448283	33.783367	0.877200	-0.333814	63
90402.238288	33.819859	0.875760	-0.333227	65
90405.027262	33.644032	0.875841	-0.332799	67
90407.820781	33.175831	0.873928	-0.331751	69
90410.609184	32.716766	0.871857	-0.330975	71
90413.396780	32.500706	0.869467	-0.330186	73
90416.190350	32.644165	0.867750	-0.329462	75
90418.982617	33.131821	0.866327	-0.329161	77
90421.774211	33.286282	0.866198	-0.328933	79
90424.566478	33.192493	0.865477	-0.328666	81
90427.355143	32.925316	0.866239	-0.328838	83
90430.143613	32.759438	0.866669	-0.328470	85
90432.932047	32.570576	0.866469	-0.328270	87
90435.723106	32.534431	0.865017	-0.328083	89
90438.515302	32.524155	0.864630	-0.328276	91
90441.307648	32.724312	0.863554	-0.328212	93
90444.100082	32.844147	0.863565	-0.328243	95
90446.890462	32.669964	0.863350	-0.327940	97
90449.680353	32.296661	0.863014	-0.327259	99
90452.469040	31.929262	0.861670	-0.326353	101
90455.258742	31.564945	0.859353	-0.325191	103
90458.050054	31.556543	0.857470	-0.324239	105
90460.841963	31.799461	0.854270	-0.323745	107
90463.632394	31.904579	0.853863	-0.323158	109
90466.424457	32.073551	0.852057	-0.322848	111
90469.214909	32.120190	0.853649	-0.322820	113
90472.005757	32.072277	0.852888	-0.322538	115
90474.794633	31.778633	0.853183	-0.322614	117
90477.583734	31.376177	0.853341	-0.322503	119
90480.373302	31.281456	0.853296	-0.322298	121
90483.164797	31.331120	0.852322	-0.322357	123
90485.957678	31.609991	0.851532	-0.322285	125
90488.750848	31.685551	0.850240	-0.322191	127
90491.541465	31.581448	0.850414	-0.322127	129
90494.330694	31.282461	0.850216	-0.321306	131
90497.119763	30.827942	0.848454	-0.320377	133
90499.908762	30.453968	0.848241	-0.319367	135
90502.700317	30.389626	0.844156	-0.318194	137
90505.491702	30.522091	0.843248	-0.317405	139
90508.283668	30.771553	0.840607	-0.317221	141
90511.074990	30.827736	0.840956	-0.316865	143
90513.866918	30.858791	0.840821	-0.316888	145
90516.654895	30.709602	0.841526	-0.316681	147
90519.447326	30.490396	0.840482	-0.316556	149
90522.234721	30.181776	0.841284	-0.316334	151
90525.024279	30.124462	0.840254	-0.316199	153
90527.815791	30.246067	0.840093	-0.315913	155
90530.609412	30.508862	0.839017	-0.316297	157
90533.401851	30.555046	0.838226	-0.315973	159
90536.191943	30.401320	0.837935	-0.316184	161
90538.981454	30.149717	0.838325	-0.315282	163
90541.771103	29.800879	0.836305	-0.314218	165
90544.561301	29.383196	0.835115	-0.313321	167
90547.349127	29.298580	0.833765	-0.312459	169
90550.141199	29.575645	0.830836	-0.311590	171
90552.932913	29.669973	0.830127	-0.311342	173
90555.721344	29.665253	0.828775	-0.310961	175
90558.517260	29.677284	0.828782	-0.310227	177
90561.307156	29.574959	0.828658	-0.309972	179
90564.096886	29.317877	0.827418	-0.309647	181
90566.886080	29.064756	0.828696	-0.309601	183
90569.674150	29.048044	0.827525	-0.309627	185
90572.466512	29.135611	0.828950	-0.309907	187
90575.259020	29.308432	0.827082	-0.309825	189
90578.052206	29.328482	0.825940	-0.309707	191
90580.841646	29.335529	0.826529	-0.309572	193
90583.631066	29.226360	0.825756	-0.308932	195
90586.421171	28.820215	0.824038	-0.308313	197
90589.211224	28.387501	0.823136	-0.306828	199
90592.001769	28.119425	0.820232	-0.305957	201
90594.791048	28.087889	0.819421	-0.305316	203
90597.582726	28.338810	0.817284	-0.304701	205
90600.374953	28.582422	0.816928	-0.304283	207
90603.166505	28.555290	0.816910	-0.303858	209
90605.957123	28.392776	0.816384	-0.303898	211
90608.745678	28.195036	0.817271	-0.303621	213
90611.534921	28.053961	0.815955	-0.303250	215
90614.326637	28.039993	0.816194	-0.303157	217
90617.118203	28.067785	0.815097	-0.303361	219
90619.909102	28.197477	0.814742	-0.303442	221
90622.701472	28.247400	0.814019	-0.303681	223
90625.492079	28.057522	0.813821	-0.303555	225
90628.282456	27.987228	0.813586	-0.302530	227
90631.072427	27.880116	0.812030	-0.301633	229
90633.862519	27.566805	0.811093	-0.300523	231
90636.652829	27.186106	0.808410	-0.299527	233
90639.441438	27.049364	0.806584	-0.298608	235
90642.233564	27.163303	0.806134	-0.298177	237
90645.025818	27.442493	0.805119	-0.298016	239
90647.817892	27.429321	0.804762	-0.297631	241
90650.605548	27.218187	0.804152	-0.297421	243
90653.395196	26.905235	0.804657	-0.297159	245
90656.184032	26.751108	0.805034	-0.297123	247
90658.975059	26.894798	0.804577	-0.297050	249
90661.767560	27.129229	0.803460	-0.297209	251
90664.558149	27.011639	0.803308	-0.297637	253
90667.350295	27.048094	0.803018	-0.297545	255
90670.143762	27.097414	0.802589	-0.296959	1
90672.933338	27.008331	0.801080	-0.296398	3
90675.722208	26.620253	0.801068	-0.295453	5
90678.511140	26.189119	0.798860	-0.294168	7
90681.301497	25.955921	0.796179	-0.292958	9
90684.093470	26.056900	0.795235	-0.291857	11
90686.884491	26.192303	0.793563	-0.291727	13
90689.675634	26.281170	0.793255	-0.291227	15
90692.467065	26.289148	0.792491	-0.290930	17
90695.256058	26.232239	0.792396	-0.290681	19
90698.047182	26.027699	0.792832	-0.290274	21
90700.836189	25.857553	0.792173	-0.290489	23
90703.626579	25.853373	0.792709	-0.290921	25
90706.418380	25.981894	0.791820	-0.290978	27
90709.210756	26.105051	0.791549	-0.290923	29
90712.002774	26.160479	0.789994	-0.291085	31
90714.794089	26.015299	0.790729	-0.290904	33
90717.583715	25.734755	0.789622	-0.290504	35
90720.371708	25.472569	0.790403	-0.289576	37
90723.163940	25.239832	0.787444	-0.288492	39
90725.951556	24.899153	0.786476	-0.287445	41
90728.742631	24.924250	0.783981	-0.286423	43
90731.534823	25.028748	0.783204	-0.285666	45
90734.324766	25.191296	0.782112	-0.285400	47
90737.115846	25.181519	0.782099	-0.285170	49
90739.906577	25.085756	0.782022	-0.284823	51
90742.696571	24.845488	0.782115	-0.285058	53
90745.485701	24.746462	0.782306	-0.284749	55
90748.275307	24.823664	0.782355	-0.285166	57
90751.069018	25.035463	0.781526	-0.285451	59
90753.860366	25.090876	0.780775	-0.285645	61
90756.653208	25.181196	0.780473	-0.285773	63
90759.443627	25.041897	0.780738	-0.285024	65
90762.232841	24.764410	0.779195	-0.284478	67
90765.022593	24.447571	0.779173	-0.283592	69
90767.812165	24.114660	0.776869	-0.282410	71
90770.602116	23.865337	0.774757	-0.281151	73
90773.393260	23.856373	0.773505	-0.280255	75
90776.183365	23.948021	0.771381	-0.279438	77
90778.974560	24.081661	0.771520	-0.279268	79
90781.766831	24.177366	0.771576	-0.279076	81
90784.555999	24.051159	0.771029	-0.278949	83
90787.345632	23.899483	0.772287	-0.278832	85
90790.135180	23.780153	0.770558	-0.278860	87
90792.926255	23.767427	0.771659	-0.278998	89
90795.718849	23.975815	0.769212	-0.278871	91
90798.510839	24.107512	0.769500	-0.278984	93
90801.302493	24.046335	0.768722	-0.279133	95
90804.091426	23.943623	0.769572	-0.279074	97
90806.883070	23.702271	0.769330	-0.278571	99
90809.672864	23.387232	0.769211	-0.277791	101
90812.463030	23.088188	0.768667	-0.277194	103
90815.250509	22.804775	0.765703	-0.275928	105
90818.042006	22.721878	0.764230	-0.274928	107
90820.832749	23.038935	0.762589	-0.273882	109
90823.624588	23.100880	0.762256	-0.273473	111
90826.415243	22.963034	0.761763	-0.273395	113
90829.205209	22.818422	0.761776	-0.273277	115
90831.995301	22.778727	0.762036	-0.273289	117
90834.785809	22.728474	0.761098	-0.273223	119
90837.574940	22.677055	0.760803	-0.273265	121
90840.367457	22.946503	0.760545	-0.273521	123
90843.159379	23.192541	0.759976	-0.273652	125
90845.951125	22.939451	0.759640	-0.273682	127
90848.742727	22.736500	0.759289	-0.273362	129
90851.530680	22.465292	0.758569	-0.272485	131
90854.320433	22.246735	0.757530	-0.271320	133
90857.111105	21.917622	0.756087	-0.270485	135
90859.899573	21.831184	0.754920	-0.269746	137
90862.691183	21.896496	0.753978	-0.268710	139
90865.482239	22.063568	0.752731	-0.268230	141
90868.273650	22.143856	0.751737	-0.267850	143
90871.064821	22.006914	0.750726	-0.267274	145
90873.853169	21.783245	0.751513	-0.267314	147
90876.643627	21.689413	0.751781	-0.267286	149
90879.433588	21.851931	0.750795	-0.267379	151
90882.225446	21.732012	0.749674	-0.267507	153
90885.016507	21.688093	0.750119	-0.267610	155
90887.809453	21.874285	0.750021	-0.267912	157
90890.601157	22.127811	0.749301	-0.267679	159
90893.391689	21.895826	0.748849	-0.267688	161
90896.179327	21.444149	0.748566	-0.266496	163
90898.967873	21.159056	0.748160	-0.265778	165
90901.763342	21.126295	0.745855	-0.264554	167
90904.550557	20.854918	0.744143	-0.263744	169
90907.340245	20.786474	0.743428	-0.263070	171
90910.131086	20.907145	0.742482	-0.262562	173
90912.924191	20.978369	0.741538	-0.261974	175
90915.712067	20.856544	0.741565	-0.262028	177
90918.502348	20.766678	0.741470	-0.261867	179
90921.291822	20.697014	0.741402	-0.261887	181
90924.083373	20.696522	0.741122	-0.262132	183
90926.876323	20.875713	0.740807	-0.262089	185
90929.670327	21.051897	0.739912	-0.262038	187
90932.454128	20.972525	0.739434	-0.262213	189
90935.251624	20.762814	0.740331	-0.262091	191
90938.040003	20.735548	0.739317	-0.261625	193
90940.830519	20.522644	0.738630	-0.260987	195
90943.618915	20.158869	0.737662	-0.260033	197
90946.408491	19.896685	0.736166	-0.259114	199
90949.199216	19.960287	0.734803	-0.258111	201
90951.991704	20.043198	0.733758	-0.257827	203
90954.780930	19.880407	0.733109	-0.257252	205
90957.571309	19.756815	0.732852	-0.257166	207
90960.359770	19.696003	0.732745	-0.256874	209
90963.150677	19.891371	0.733229	-0.256723	211
90965.943762	20.151331	0.732459	-0.256697	213
90968.734651	19.862698	0.731216	-0.256806	215
90971.527831	19.713562	0.731417	-0.256960	217
90974.318065	19.926538	0.731297	-0.257133	219
90977.109008	20.035275	0.730742	-0.257077	221
90979.898832	19.891712	0.730419	-0.256979	223
90982.689479	19.779186	0.729761	-0.256514	225
90985.478814	19.515503	0.729979	-0.255546	227
90988.268949	19.189104	0.728181	-0.254963	229
90991.057489	18.942984	0.726971	-0.253896	231
90993.848555	19.053520	0.725558	-0.252765	233
90996.640430	18.950592	0.724156	-0.251993	235
90999.427183	18.665565	0.722810	-0.251795	237
91002.220364	18.867117	0.723804	-0.251304	239
91005.014367	19.280714	0.722925	-0.250816	241
91007.802740	19.060463	0.722284	-0.250683	243
91010.591947	18.914547	0.721850	-0.250491	245
91013.380614	18.839535	0.721011	-0.250821	247
91016.172037	18.876097	0.721552	-0.251236	249
91018.966958	19.032391	0.720857	-0.251405	251
91021.757916	19.151100	0.720468	-0.251057	253
91024.547629	19.012615	0.719781	-0.250659	255
91027.336856	18.710684	0.719467	-0.250259	1
91030.126773	18.431595	0.719059	-0.249452	3
91032.917241	18.197149	0.717944	-0.248547	5
91035.708958	17.969450	0.716828	-0.247757	7
91038.496105	17.852919	0.715330	-0.246819	9
91041.287457	17.890572	0.715159	-0.246443	11
91044.078866	18.003315	0.714782	-0.246433	13
91046.869514	18.016327	0.714680	-0.246096	15
91049.659365	17.931509	0.713552	-0.245614	17
91052.448133	17.856670	0.713298	-0.245756	19
91055.241136	18.021997	0.713580	-0.245747	21
91058.032958	18.162849	0.712174	-0.245835	23
91060.825333	18.164671	0.712273	-0.245959	25
91063.616359	18.230276	0.712188	-0.246231	27
91066.405785	18.129208	0.711724	-0.245890	29
91069.198199	18.012045	0.711887	-0.245355	31
91071.987724	17.873377	0.711125	-0.244861	33
91074.775654	17.607130	0.710383	-0.244180	35
91077.568270	17.359106	0.709100	-0.242972	37
91080.358721	17.231642	0.707806	-0.241986	39
91083.148268	17.129827	0.706110	-0.241263	41
91085.939515	17.202915	0.705403	-0.240600	43
91088.727229	17.186892	0.704786	-0.240211	45
91091.518720	17.111610	0.704339	-0.239690	47
91094.307485	17.145435	0.704256	-0.239409	49
91097.098915	17.031826	0.703766	-0.239418	51
91099.889529	17.019466	0.704298	-0.239769	53
91102.681979	17.052841	0.703047	-0.239862	55
91105.472908	17.124685	0.703455	-0.240200	57
91108.265182	17.226784	0.702986	-0.240243	59
91111.054421	17.173708	0.703046	-0.240206	61
91113.844685	17.022543	0.702904	-0.239864	63
91116.635812	16.823299	0.702819	-0.239233	65
91119.423866	16.496248	0.701440	-0.238399	67
91122.214308	16.339392	0.700297	-0.237206	69
91125.003532	16.180290	0.698678	-0.236405	71
91127.794518	16.159719	0.697575	-0.235656	73
91130.587026	16.274103	0.697114	-0.235257	75
91133.376177	16.183252	0.696449	-0.235104	77
91136.164395	16.038836	0.696315	-0.234835	79
91138.955430	16.027800	0.696132	-0.234658	81
91141.747891	16.151972	0.696149	-0.234713	83
91144.539227	16.020288	0.694820	-0.234742	85
91147.328595	16.118351	0.694893	-0.234657	87
91150.122884	16.181948	0.692901	-0.234482	89
91152.911159	16.156214	0.694560	-0.234710	91
91155.703952	16.249666	0.693056	-0.234343	93
91158.496049	16.111780	0.693859	-0.234125	95
91161.282247	15.857800	0.693142	-0.233537	97
91164.074126	15.694275	0.693282	-0.232880	99
91166.860962	15.483760	0.691809	-0.232205	101
91169.653018	15.336360	0.691008	-0.231381	103
91172.443731	15.312122	0.689305	-0.230426	105
91175.233466	15.284716	0.688479	-0.229900	107
91178.023959	15.335017	0.687601	-0.229388	109
91180.817863	15.429517	0.688002	-0.229301	111
91183.605632	15.422573	0.687329	-0.229161	113
91186.393604	15.184856	0.686923	-0.229266	115
91189.185744	15.259902	0.687325	-0.229218	117
91191.980189	15.556867	0.686831	-0.229201	119
91194.770030	15.605902	0.685767	-0.229325	121
91197.559173	15.416955	0.685033	-0.229001	123
91200.350835	15.323233	0.684787	-0.228659	125
91203.142066	15.198303	0.684957	-0.228288	127
91205.933999	15.099836	0.684080	-0.227683	129
91208.721523	14.830506	0.683920	-0.227015	131
91211.509204	14.593029	0.683279	-0.226399	133
91214.300909	14.424354	0.681748	-0.225375	135
91217.091653	14.592902	0.681134	-0.224539	137
91219.888115	14.744206	0.680306	-0.224144	139
91222.677888	14.468718	0.678563	-0.223767	141
91225.458603	14.460790	0.679626	-0.223728	143
91228.252887	14.551715	0.678314	-0.223525	145
91231.047643	14.643071	0.678961	-0.223648	147
91233.836693	14.691462	0.677693	-0.223810	149
91236.627355	14.380054	0.677699	-0.223538	151
91239.416160	14.306847	0.677380	-0.223752	153
91242.208048	14.418547	0.677351	-0.223425	155
91245.001127	14.463877	0.676684	-0.222962	157
91247.789564	14.288251	0.676309	-0.222754	159
91250.577981	14.028989	0.676000	-0.222274	161
91253.369247	13.995106	0.675405	-0.221484	163
91256.161141	14.072958	0.674186	-0.220523	165
91258.948362	13.962782	0.672771	-0.219793	167
91261.737583	13.708810	0.671839	-0.219369	169
91264.527262	13.536073	0.672079	-0.219066	171
91267.320149	13.665962	0.671460	-0.218682	173
91270.113264	13.634256	0.670780	-0.218635	175
91272.902223	13.555938	0.671054	-0.218605	177
91275.691254	13.563869	0.670490	-0.218577	179
91278.483463	13.600321	0.670233	-0.218666	181
91281.276859	13.741798	0.670333	-0.218721	183
91284.068340	13.803863	0.669919	-0.218892	185
91286.858189	13.502934	0.669067	-0.218728	187
91289.647267	13.320650	0.669601	-0.218261	189
91292.438098	13.300426	0.668526	-0.217607	191
91295.227346	13.221761	0.667987	-0.216843	193
91298.016023	13.077241	0.666688	-0.216209	195
91300.806791	12.961844	0.665714	-0.215300	197
91303.596454	12.913650	0.664867	-0.214673	199
91306.389050	12.900854	0.664077	-0.214120	201
91309.178682	12.890344	0.663649	-0.213737	203
91311.968150	12.754014	0.662651	-0.213321	205
91314.758404	12.665849	0.662731	-0.213196	207
91317.547950	12.685527	0.662274	-0.213172	209
91320.340165	12.733971	0.661985	-0.213233	211
91323.131433	12.808281	0.661359	-0.212887	213
91325.922381	12.840617	0.661198	-0.213006	215
91328.713663	12.884522	0.660839	-0.213068	217
91331.504635	12.865306	0.660595	-0.212759	219
91334.294877	12.704653	0.660031	-0.212454	221
91337.084768	12.550837	0.659355	-0.211775	223
91339.875254	12.384962	0.658294	-0.211070	225
91342.665591	12.244339	0.657334	-0.210430	227
91345.455872	12.165149	0.657087	-0.210065	229
91348.242248	12.062757	0.656048	-0.209468	231
91351.034901	11.957022	0.655716	-0.208983	233
91353.826257	12.137445	0.655078	-0.208499	235
91356.615951	12.039351	0.654030	-0.208248	237
91359.404308	11.988393	0.654392	-0.208388	239
91362.199152	12.151566	0.654355	-0.208267	241
91364.988622	12.054517	0.653360	-0.208328	243
91367.779105	11.959760	0.653104	-0.208212	245
91370.569382	12.137056	0.652575	-0.207907	247
91373.362253	12.072407	0.651857	-0.207731	249
91376.150974	12.024956	0.651992	-0.207417	251
91378.939408	11.862097	0.650494	-0.206757	253
91381.734306	11.688959	0.650328	-0.206248	255
91384.519728	11.627790	0.649230	-0.205523	1
91387.313280	11.458977	0.648694	-0.204974	3
91390.101254	11.581697	0.647443	-0.204114	5
91392.893147	11.372746	0.646810	-0.203548	7
91395.680384	11.212954	0.646293	-0.203364	9
91398.476335	11.135087	0.646656	-0.203151	11
91401.262346	11.535415	0.647126	-0.203043	13
91404.055331	11.685575	0.645979	-0.202796	15
91406.844526	11.351142	0.645359	-0.202860	17
91409.635414	11.293371	0.645133	-0.202752	19
91412.425982	11.391795	0.645218	-0.202914	21
91415.217559	11.434027	0.644634	-0.202723	23
91418.009793	11.399299	0.643987	-0.202462	25
91420.799559	11.235597	0.643991	-0.202200	27
91423.588221	11.119824	0.644116	-0.201683	29
91426.380010	11.025283	0.644066	-0.201213	31
91429.169504	10.785619	0.642691	-0.200731	33
91431.956005	10.734537	0.642368	-0.199535	35
91434.751035	10.787989	0.639751	-0.199069	37
91437.538440	10.524072	0.639503	-0.198559	39
91440.329031	10.576701	0.639698	-0.198548	41
91443.117988	10.715153	0.638689	-0.198011	43
91445.907095	10.570535	0.637608	-0.197663	45
91448.701253	10.635531	0.637648	-0.197255	47
91451.492898	10.722454	0.637157	-0.197516	49
91454.285624	10.887202	0.637391	-0.197550	51
91457.075809	10.732421	0.636677	-0.197476	53
91459.863564	10.490529	0.636667	-0.197564	55
91462.654844	10.417963	0.637748	-0.197187	57
91465.448188	10.442297	0.636521	-0.196833	59
91468.237346	10.451470	0.636500	-0.196179	61
91471.029476	10.130065	0.634471	-0.195842	63
91473.813323	9.699767	0.634101	-0.195275	65
91476.605257	9.832316	0.633889	-0.194614	67
91479.397580	9.939830	0.632573	-0.193788	69
91482.187442	9.757934	0.631634	-0.193266	71
91484.977338	9.744807	0.631411	-0.192943	73
91487.766616	9.654065	0.630521	-0.192658	75
91490.558667	9.688047	0.630437	-0.192514	77
91493.351425	9.908258	0.630425	-0.192567	79
91496.141151	9.908229	0.629967	-0.192285	81
91498.930261	9.985653	0.629368	-0.192204	83
91501.722167	9.937160	0.628786	-0.192149	85
91504.514289	9.868807	0.628420	-0.191731	87
91507.305438	9.987736	0.628485	-0.191393	89
91510.094539	9.768148	0.627254	-0.191153	91
91512.883015	9.290010	0.627680	-0.190927	93
91515.674397	9.178025	0.627646	-0.190253	95
91518.463455	9.277400	0.626593	-0.189523	97
91521.256033	9.313613	0.626030	-0.189055	99
91524.042787	9.105733	0.624999	-0.188642	101
91526.833346	9.005834	0.625132	-0.188428	103
91529.624865	9.067863	0.624765	-0.188094	105
91532.416641	9.131165	0.623795	-0.187694	107
91535.206519	9.186204	0.623832	-0.187682	109
91537.996727	8.986659	0.622495	-0.187624	111
91540.786763	9.094669	0.622885	-0.187193	113
91543.580412	9.153301	0.621869	-0.187159	115
91546.370879	9.267050	0.621469	-0.186847	117
91549.159616	9.104233	0.620649	-0.186706	119
91551.949628	8.897100	0.620476	-0.186413	121
91554.741699	8.726440	0.619669	-0.185825	123
91557.532157	8.611313	0.620048	-0.185287	125
91560.320221	8.553761	0.618883	-0.184730	127
91563.110760	8.435156	0.618373	-0.184453	129
91565.899142	8.307599	0.617512	-0.183833	131
91568.691037	8.311945	0.617371	-0.183287	133
91571.484075	8.411249	0.616368	-0.182975	135
91574.272621	8.384349	0.616424	-0.182819	137
91577.060851	8.431346	0.616260	-0.182824	139
91579.854301	8.442761	0.616398	-0.182857	141
91582.646510	8.440476	0.616011	-0.182671	143
91585.435432	8.371810	0.615343	-0.182699	145
91588.225070	8.336390	0.614656	-0.182298	147
91591.016157	8.415205	0.614051	-0.181809	149
91593.809600	8.401084	0.613710	-0.181606	151
91596.600614	8.363292	0.613639	-0.181253	153
91599.387366	8.033352	0.613040	-0.180993	155
91602.175668	7.841036	0.612397	-0.180301	157
91604.967780	7.690928	0.611670	-0.179598	159
91607.758211	7.752751	0.611319	-0.179030	161
91610.547700	7.761492	0.610345	-0.178709	163
91613.336245	7.746728	0.610385	-0.178116	165
91616.129121	7.839045	0.609796	-0.177613	167
91618.916703	7.656168	0.609429	-0.177464	169
91621.710008	7.675246	0.608621	-0.177478	171
91624.498521	7.667110	0.608798	-0.177511	173
91627.289721	7.618533	0.608440	-0.177648	175
91630.081880	7.671272	0.608885	-0.177368	177
91632.875268	7.816697	0.608160	-0.177351	179
91635.661599	7.852128	0.607766	-0.177061	181
91638.458445	7.720248	0.607463	-0.176651	183
91641.240106	7.405145	0.606440	-0.176516	185
91644.034969	7.341921	0.606851	-0.175970	187
91646.823362	7.291081	0.605549	-0.175331	189
91649.613304	7.064121	0.604231	-0.174673	191
91652.404267	6.924115	0.604148	-0.174064	193
91655.193672	6.852427	0.602939	-0.173371	195
91657.983865	6.757685	0.603285	-0.173277	197
91660.775315	6.970067	0.602705	-0.172813	199
91663.566721	7.014737	0.601925	-0.172478	201
91666.354422	6.891991	0.601467	-0.172213	203
91669.147249	6.926228	0.600910	-0.172299	205
91671.939351	7.116481	0.600987	-0.172358	207
91674.731220	7.213959	0.600572	-0.172136	209
91677.520659	7.147119	0.600168	-0.172189	211
91680.309327	6.965182	0.599529	-0.172091	213
91683.100041	6.786793	0.599849	-0.171783	215
91685.891232	6.654997	0.599567	-0.171586	217
91688.681596	6.655569	0.599621	-0.171082	219
91691.470199	6.536581	0.598201	-0.170441	221
91694.258594	6.203628	0.597523	-0.169902	223
91697.050656	6.220412	0.597672	-0.169246	225
91699.841069	6.250561	0.596719	-0.168932	227
91702.633402	6.303538	0.596552	-0.168566	229
91705.421065	6.302197	0.595733	-0.168427	231
91708.213943	6.247286	0.595734	-0.168208	233
91710.999452	6.320507	0.594472	-0.167866	235
91713.795199	6.348022	0.594075	-0.167674	237
91716.585390	6.337093	0.593403	-0.167691	239
91719.372596	6.257763	0.593285	-0.167415	241
91722.167517	6.259669	0.592740	-0.167354	243
91724.958437	6.199542	0.592339	-0.166924	245
91727.747859	6.151467	0.592261	-0.166423	247
91730.537392	5.991530	0.591652	-0.166156	249
91733.323961	5.722271	0.591631	-0.165642	251
91736.119783	6.010506	0.592101	-0.164865	253
91738.910085	5.967635	0.589542	-0.164677	255
91741.692652	5.445020	0.589508	-0.164149	1
91744.482667	5.164302	0.589021	-0.164098	3
91747.279212	5.205353	0.589757	-0.163760	5
91750.075664	5.610660	0.589483	-0.163445	7
91752.856536	5.592701	0.588659	-0.163485	9
91755.648912	5.520716	0.588411	-0.163387	11
91758.440456	5.629046	0.588031	-0.163380	13
91761.231340	5.783354	0.587747	-0.163258	15
91764.024057	5.824011	0.587502	-0.163280	17
91766.814380	5.754050	0.587405	-0.163004	19
91769.602625	5.557596	0.586512	-0.162632	21
91772.392677	5.371074	0.586707	-0.162202	23
91775.184111	5.420264	0.586851	-0.161697	25
91777.975328	5.379646	0.585733	-0.161202	27
91780.763938	5.081763	0.584980	-0.160729	29
91783.551820	4.963277	0.584850	-0.160359	31
91786.341342	4.940137	0.583751	-0.159674	33
91789.134955	4.989191	0.583121	-0.159341	35
91791.925808	5.103575	0.582536	-0.159068	37
91794.716912	5.034071	0.581883	-0.158968	39
91797.503597	4.987201	0.581919	-0.158890	41
91800.296083	5.107965	0.581677	-0.158871	43
91803.088710	5.138736	0.581164	-0.158618	45
91805.877752	4.995871	0.580693	-0.158578	47
91808.666924	4.966486	0.581067	-0.158451	49
91811.458664	5.094724	0.580492	-0.158010	51
91814.251123	5.154677	0.580022	-0.157656	53
91817.041113	4.791758	0.579295	-0.157505	55
91819.829021	4.599339	0.579804	-0.156750	57
91822.617862	4.552106	0.578737	-0.156510	59
91825.406345	4.347759	0.578095	-0.156093	61
91828.200132	4.457950	0.577643	-0.155395	63
91830.988501	4.447359	0.576846	-0.155111	65
91833.777073	4.215060	0.576249	-0.154801	67
91836.572120	4.411888	0.576667	-0.154510	69
91839.360572	4.617937	0.576038	-0.154437	71
91842.151997	4.497419	0.575942	-0.154317	73
91844.941343	4.518399	0.575426	-0.154293	75
91847.732896	4.345512	0.574889	-0.154054	77
91850.521839	4.359652	0.574579	-0.153846	79
91853.314247	4.416995	0.573769	-0.153438	81
91856.104084	4.272942	0.573463	-0.153247	83
91858.897515	4.253740	0.573747	-0.153268	85
91861.687467	4.124837	0.573607	-0.152856	87
91864.474921	3.997552	0.572930	-0.152461	89
91867.265018	3.917139	0.572946	-0.151975	91
91870.055844	4.044608	0.572303	-0.151769	93
91872.844674	4.003572	0.571725	-0.151140	95
91875.632536	3.928886	0.570886	-0.150976	97
91878.424394	3.610246	0.569903	-0.150503	99
91881.214818	3.737498	0.570769	-0.150068	101
91884.007429	4.056677	0.569925	-0.150093	103
91886.793991	3.674757	0.568333	-0.150156	105
91889.590939	3.704781	0.569879	-0.149679	107
91892.385351	3.981714	0.567813	-0.149445	109
91895.173348	3.933913	0.568090	-0.149222	111
91897.958173	3.746267	0.567034	-0.149149	113
91900.750885	3.440091	0.567531	-0.148692	115
91903.542519	3.618990	0.567014	-0.148170	117
91906.328306	3.223191	0.565082	-0.148114	119
91909.117579	2.969375	0.565967	-0.147586	121
91911.910523	3.264648	0.565294	-0.146923	123
91914.700723	3.184186	0.564797	-0.146708	125
91917.489288	3.171207	0.563969	-0.146173	127
91920.281433	3.186406	0.563932	-0.145989	129
91923.067318	3.093824	0.563190	-0.145913	131
91925.861959	3.067549	0.563683	-0.145606	133
91928.652166	3.345892	0.563455	-0.145426	135
91931.445099	3.586323	0.563474	-0.145176	137
91934.233826	3.351418	0.561219	-0.145459	139
91937.025083	3.122898	0.562274	-0.145016	141
91939.815362	3.215227	0.561400	-0.145038	143
91942.609646	3.027180	0.561285	-0.144759	145
91945.402480	2.908849	0.560997	-0.144264	147
91948.180165	2.837333	0.560630	-0.143763	149
91950.973749	2.936622	0.560520	-0.143321	151
91953.764783	2.906860	0.559472	-0.142784	153
91956.553441	2.790094	0.559137	-0.142647	155
91959.345286	2.612189	0.558522	-0.142017	157
91962.135068	2.665297	0.558539	-0.141740	159
91964.926225	2.656520	0.557839	-0.141551	161
91967.718355	2.676690	0.557537	-0.141282	163
91970.506403	2.606196	0.556547	-0.141117	165
91973.299033	2.693981	0.556868	-0.140823	167
91976.090261	2.734894	0.556037	-0.140666	169
91978.878556	2.811795	0.556085	-0.140501	171
91981.671586	2.823603	0.555455	-0.140189	173
91984.460340	2.739219	0.554857	-0.140079	175
91987.251889	2.611645	0.554761	-0.139634	177
91990.041032	2.448655	0.553868	-0.139330	179
91992.832035	2.194381	0.553627	-0.138895	181
91995.620437	2.240116	0.554254	-0.138459	183
91998.411503	2.249011	0.552608	-0.137882	185
92001.200519	1.969654	0.551961	-0.137816	187
92003.990766	1.880269	0.551826	-0.137298	189
92006.784116	2.158346	0.551663	-0.136866	191
92009.572295	2.342188	0.551096	-0.136731	193
92012.362288	2.274558	0.550583	-0.136714	195
92015.154251	2.169808	0.550005	-0.136540	197
92017.943751	2.079598	0.549170	-0.136437	199
92020.735296	2.165601	0.549553	-0.136202	201
92023.527953	2.291100	0.549325	-0.136095	203
92026.316206	2.183589	0.548885	-0.136015	205
92029.106258	2.081808	0.548716	-0.135678	207
92031.896934	2.050834	0.548868	-0.135065	209
92034.687527	1.973706	0.547932	-0.134782	211
92037.476348	1.824135	0.547383	-0.134394	213
92040.265214	1.656090	0.546714	-0.133831	215
92043.051939	1.474512	0.546230	-0.133462	217
92045.850574	1.565452	0.546248	-0.132833	219
92048.633685	1.620546	0.545521	-0.132639	221
92051.431072	1.700390	0.545114	-0.132393	223
92054.215914	1.586729	0.544107	-0.132350	225
92057.008230	1.436802	0.543936	-0.132206	227
92059.798366	1.595988	0.544161	-0.131910	229
92062.589294	1.724504	0.543741	-0.131828	231
92065.381293	1.735653	0.543898	-0.131741	233
92068.170937	1.687077	0.543064	-0.131415	235
92070.961962	1.476983	0.542913	-0.131417	237
92073.753302	1.507279	0.543215	-0.130709	239
92076.546590	1.685995	0.542532	-0.130547	241
92079.332564	1.623967	0.542036	-0.130107	243
92082.118026	1.288862	0.540803	-0.129745	245
92084.913900	1.052344	0.541731	-0.129173	247
92087.698956	1.034191	0.540647	-0.128746	249
92090.494578	1.108047	0.539957	-0.128358	251
92093.282597	1.056743	0.539532	-0.128116	253
92096.071961	1.138270	0.539636	-0.127686	255
92098.861932	1.235471	0.538657	-0.127686	1
92101.653470	1.216416	0.539065	-0.127400	3
92104.444463	1.177242	0.538034	-0.127401	5
92107.228904	1.310291	0.538406	-0.127028	7
92110.023417	1.333684	0.537397	-0.127150	9
92112.821920	1.293473	0.537995	-0.126921	11
92115.611941	1.095240	0.536178	-0.126687	13
92118.394032	0.784962	0.536865	-0.126494	15
92121.180843	0.993797	0.536621	-0.125944	17
92123.975223	0.988474	0.535510	-0.125473	19
92126.765972	0.704432	0.535064	-0.124953	21
92129.557746	0.593459	0.534798	-0.124464	23
92132.346019	0.624026	0.534029	-0.124154	25
92135.135522	0.717610	0.533796	-0.123520	27
92137.924738	0.625989	0.532769	-0.123517	29
92140.720805	0.692021	0.532760	-0.123080	31
92143.504915	0.720006	0.531505	-0.123044	33
92146.294515	0.463994	0.531585	-0.122928	35
92149.086775	0.531169	0.531962	-0.122697	37
92151.879367	0.748622	0.531864	-0.122526	39
92154.671164	0.798513	0.530953	-0.122358	41
92157.465361	0.725289	0.531163	-0.122194	43
92160.248053	0.502268	0.530287	-0.122004	45
92163.042353	0.556776	0.531313	-0.121536	47
92165.833948	0.648834	0.530566	-0.121240	49
92168.621524	0.635142	0.530156	-0.120973	51
92171.411187	0.260141	0.528803	-0.120711	53
92174.203690	0.071777	0.529579	-0.119947	55
92176.994894	0.260291	0.528315	-0.119518	57
92179.785167	0.368840	0.528165	-0.119180	59
92182.569893	0.290016	0.527411	-0.118987	61
92185.359825	0.105846	0.527063	-0.118898	63
92188.151160	0.121234	0.527176	-0.118707	65
92190.943933	0.263809	0.526741	-0.118573	67
92193.735311	0.324443	0.526185	-0.118444	69
92196.526232	0.293255	0.525603	-0.118345	71
92199.314734	0.272990	0.525633	-0.117977	73
92202.105913	0.220235	0.525240	-0.117736	75
92204.898470	0.269112	0.524976	-0.117301	77
92207.688177	0.159539	0.523841	-0.117071	79
92210.477072	359.931915	0.523916	-0.116803	81
92213.267467	359.840881	0.524054	-0.116383	83
92216.054531	359.817078	0.522921	-0.115837	85
92218.844739	359.799347	0.522854	-0.115575	87
92221.634226	359.730072	0.521568	-0.115144	89
92224.426149	359.640137	0.521616	-0.114900	91
92227.216016	359.691345	0.521381	-0.114513	93
92230.005543	359.722229	0.520822	-0.114340	95
92232.795359	359.804047	0.520703	-0.113954	97
92235.587334	359.871521	0.520467	-0.113975	99
92238.377423	359.798584	0.520129	-0.113812	101
92241.170685	359.776276	0.519817	-0.113918	103
92243.962838	359.996796	0.520207	-0.113637	105
92246.752172	0.160722	0.519569	-0.113419	107
92249.541705	359.925995	0.518818	-0.113139	109
92252.332909	359.752991	0.518721	-0.112702	111
92255.121823	359.624817	0.518610	-0.112265	113
92257.912194	359.543060	0.517656	-0.111839	115
92260.700111	359.365997	0.517554	-0.111721	117
92263.489144	359.257965	0.516755	-0.111193	119
92266.282050	359.245667	0.516674	-0.110775	121
92269.069252	359.389587	0.516169	-0.110268	123
92271.856917	359.459564	0.515606	-0.110079	125
92274.651318	359.530304	0.514871	-0.109760	127
92277.441262	359.549469	0.514346	-0.109624	129
92280.232719	359.531891	0.514146	-0.109531	131
92283.021810	359.464325	0.513592	-0.109475	133
92285.812280	359.361725	0.513467	-0.109422	135
92288.604890	359.237946	0.513320	-0.109157	137
92291.395672	359.289978	0.513921	-0.108874	139
92294.186432	359.312988	0.513157	-0.108699	141
92296.975493	359.299225	0.513138	-0.108117	143
92299.763600	359.261749	0.512087	-0.107859	145
92302.553693	359.099152	0.511771	-0.107368	147
92305.344019	359.093628	0.511194	-0.106955	149
92308.134462	359.048859	0.510523	-0.106666	151
92310.923970	359.049408	0.510582	-0.106157	153
92313.711881	358.882935	0.509884	-0.106075	155
92316.505548	358.851227	0.510248	-0.105660	157
92319.292216	359.053558	0.509217	-0.105632	159
92322.082422	358.995148	0.508989	-0.105479	161
92324.877366	359.166870	0.508587	-0.105021	163
92327.668168	359.027374	0.508244	-0.105058	165
92330.454394	359.211243	0.508770	-0.104755	167
92333.247118	359.266632	0.507970	-0.104736	169
92336.038223	359.241425	0.508009	-0.104433	171
92338.829659	358.983704	0.506592	-0.104352	173
92341.616920	358.632599	0.506432	-0.103854	175
92344.405603	358.741882	0.506684	-0.103433	177
92347.205655	358.820526	0.505573	-0.102825	179
92349.991827	359.002197	0.505901	-0.102315	181
92352.773541	358.934296	0.504124	-0.102295	183
92355.568388	358.725464	0.504366	-0.101625	185
92358.358017	358.686035	0.503952	-0.101458	187
92361.148606	358.708740	0.503214	-0.101110	189
92363.938972	358.684540	0.503129	-0.100812	191
92366.728288	358.674347	0.502895	-0.100613	193
92369.517873	358.721741	0.502970	-0.100479	195
92372.309069	358.799011	0.502036	-0.100288	197
92375.102068	358.743134	0.502057	-0.100155	199
92377.890839	358.776215	0.501453	-0.099911	201
92380.681713	358.660431	0.500951	-0.099891	203
92383.474686	358.513611	0.501032	-0.099572	205
92386.260896	358.380798	0.500613	-0.099201	207
92389.052049	358.430634	0.500459	-0.098973	209
92391.840861	358.355286	0.500419	-0.098589	211
92394.632014	358.330719	0.499942	-0.098067	213
92397.423207	358.314209	0.499747	-0.097916	215
92400.212775	358.373596	0.498828	-0.097591	217
92402.999458	358.372101	0.498658	-0.097262	219
92405.791085	358.249298	0.497914	-0.097328	221
92408.583582	358.340576	0.498249	-0.096884	223
92411.376467	358.432861	0.498106	-0.096720	225
92414.164521	358.446320	0.497229	-0.096592	227
92416.953804	358.383331	0.497013	-0.096364	229
92419.746756	358.435883	0.496875	-0.096025	231
92422.537915	358.450012	0.496612	-0.095670	233
92425.325229	358.366455	0.495899	-0.095712	235
92428.115646	358.220276	0.495495	-0.095494	237
92430.905321	358.112213	0.495713	-0.094978	239
92433.694763	358.097626	0.495126	-0.094848	241
92436.485306	358.011688	0.494557	-0.094408	243
92439.274172	357.956512	0.493754	-0.094158	245
92442.065572	357.868591	0.493232	-0.093597	247
92444.855755	357.902832	0.493134	-0.093267	249
92447.647266	358.064636	0.493040	-0.092887	251
92450.437361	358.031525	0.491792	-0.092693	253
92453.223809	357.790771	0.491016	-0.092728	255
92456.017281	357.645599	0.491517	-0.092579	1
92458.808880	357.862061	0.491219	-0.092228	3
92461.599343	358.031250	0.490811	-0.092011	5
92464.390981	358.095947	0.490359	-0.091858	7
92467.179719	357.922241	0.489648	-0.091674	9
92469.969315	357.818909	0.489776	-0.091499	11
92472.761808	357.766510	0.489866	-0.091076	13
92475.550718	357.834656	0.489935	-0.090718	15
92478.340057	357.817291	0.489167	-0.090568	17
92481.127390	357.631927	0.488498	-0.090238	19
92483.918531	357.582275	0.488883	-0.089950	21
92486.707630	357.684174	0.488568	-0.089780	23
92489.501897	357.604584	0.488324	-0.089581	25
92492.289420	357.631714	0.487902	-0.089390	27
92495.079301	357.716583	0.487318	-0.089016	29
92497.870574	357.660889	0.486706	-0.088738	31
92500.661503	357.617401	0.486358	-0.088576	33
92503.454697	357.739655	0.486103	-0.088268	35
92506.243364	357.671417	0.485225	-0.088232	37
92509.028716	357.587585	0.485571	-0.087951	39
92511.820905	357.488861	0.485239	-0.087748	41
92514.615488	357.536041	0.485129	-0.087503	43
92517.404279	357.538391	0.484227	-0.087206	45
92520.191025	357.397949	0.483662	-0.086813	47
92522.982013	357.296509	0.483439	-0.086502	49
92525.777382	357.304443	0.483082	-0.086205	51
92528.566107	357.230499	0.482922	-0.085962	53
92531.353404	357.201202	0.482528	-0.085622	55
92534.141799	357.200653	0.482267	-0.085313	57
92536.931146	357.365723	0.481532	-0.085240	59
92539.724892	357.380676	0.481529	-0.084960	61
92542.515850	357.422485	0.481148	-0.084704	63
92545.305774	357.476105	0.480721	-0.084719	65
92548.092614	357.383118	0.480107	-0.084610	67
92550.884018	357.292419	0.480098	-0.084310	69
92553.676751	357.309906	0.479991	-0.084179	71
92556.468949	357.348694	0.479905	-0.083870	73
92559.257103	357.274261	0.479828	-0.083661	75
92562.046138	357.218781	0.479436	-0.082959	77
92564.833061	357.078217	0.478373	-0.082986	79
92567.626974	357.026855	0.478573	-0.082281	81
92570.416025	357.053345	0.478301	-0.082060	83
92573.205193	357.149811	0.478024	-0.081635	85
92575.994985	357.128510	0.476479	-0.081589	87
92578.786776	357.111847	0.476657	-0.081267	89
92581.576989	357.140778	0.475954	-0.081158	91
92584.368566	357.154633	0.475852	-0.080903	93
92587.158074	357.200439	0.475513	-0.080549	95
92589.949432	357.227570	0.475603	-0.080256	97
92592.739630	357.246765	0.474886	-0.080148	99
92595.536227	357.165192	0.474686	-0.079782	101
92598.324412	357.041351	0.474291	-0.079799	103
92601.111087	356.984985	0.474366	-0.079117	105
92603.893600	356.943329	0.473716	-0.079015	107
92606.688690	356.778473	0.473761	-0.078547	109
92609.479926	356.877747	0.473437	-0.078336	111
92612.270045	356.835297	0.472820	-0.077980	113
92615.058832	356.869781	0.472677	-0.077770	115
92617.848437	356.822021	0.471728	-0.077516	117
92620.642390	356.913177	0.472047	-0.077296	119
92623.429943	356.895935	0.471052	-0.077239	121
92626.219825	356.910370	0.471376	-0.076934	123
92629.006327	356.953033	0.471448	-0.076777	125
92631.801703	356.875580	0.471073	-0.076679	127
92634.594909	356.928070	0.470871	-0.076310	129
92637.388018	356.998688	0.470201	-0.076028	131
92640.170031	356.940063	0.469923	-0.075889	133
92642.960979	356.847229	0.469590	-0.075653	135
92645.753057	356.830292	0.469337	-0.075396	137
92648.541910	356.901581	0.468885	-0.074876	139
92651.330327	356.713562	0.468137	-0.074719	141
92654.119599	356.564850	0.468234	-0.074477	143
92656.910666	356.603119	0.467843	-0.074083	145
92659.701320	356.720032	0.467570	-0.073812	147
92662.493712	356.789276	0.467335	-0.073513	149
92665.283994	356.795929	0.466817	-0.073397	151
92668.072439	356.703979	0.466174	-0.073278	153
92670.864524	356.722717	0.466483	-0.072952	155
92673.654251	356.792816	0.465712	-0.072829	157
92676.446940	356.948090	0.465844	-0.072386	159
92679.235882	356.708984	0.463491	-0.072537	161
92682.029736	356.339935	0.465083	-0.072055	163
92684.810829	356.478760	0.464314	-0.071748	165
92687.605445	356.511566	0.464032	-0.071409	167
92690.394730	356.555481	0.463530	-0.071241	169
92693.185138	356.493866	0.463639	-0.070679	171
92695.972688	356.491852	0.463410	-0.070560	173
92698.765598	356.520874	0.462945	-0.070355	175
92701.553790	356.394989	0.462040	-0.070129	177
92704.347593	356.457153	0.462464	-0.069792	179
92707.134016	356.526611	0.461775	-0.069634	181
92709.925845	356.602295	0.461966	-0.069429	183
92712.714403	356.709137	0.461518	-0.069266	185
92715.506154	356.742462	0.461020	-0.068859	187
92718.299315	356.663177	0.461208	-0.068749	189
92721.088890	356.594666	0.460600	-0.068750	191
92723.877715	356.455109	0.460391	-0.068489	193
92726.671109	356.462402	0.460147	-0.068256	195
92729.459667	356.384003	0.459375	-0.067987	197
92732.250900	356.446625	0.459543	-0.067644	199
92735.034253	356.380035	0.458246	-0.067674	201
92737.825834	356.202332	0.458155	-0.067023	203
92740.615492	356.196533	0.457202	-0.066831	205
92743.407182	356.137970	0.457042	-0.066420	207
92746.195737	356.200287	0.456422	-0.066214	209
92748.986787	356.121155	0.455851	-0.066121	211
92751.776026	356.118103	0.455740	-0.065839	213
92754.568978	356.133453	0.455488	-0.065634	215
92757.359308	356.116455	0.454466	-0.065304	217
92760.149145	356.186310	0.454270	-0.065056	219
92762.937135	356.215118	0.453466	-0.065037	221
92765.735914	356.030334	0.453514	-0.064666	223
92768.518833	356.061462	0.452936	-0.064441	225
92771.311241	355.957306	0.452089	-0.064238	227
92774.099307	355.862152	0.451735	-0.064092	229
92776.888054	355.732666	0.451366	-0.063644	231
92779.679425	355.778564	0.451116	-0.063380	233
92782.465500	355.770508	0.450142	-0.062989	235
92785.255478	355.610199	0.449864	-0.062567	237
92788.048536	355.559998	0.448874	-0.062377	239
92790.840343	355.567841	0.448989	-0.062260	241
92793.629150	355.661530	0.448366	-0.061938	243
92796.418343	355.692322	0.447985	-0.061892	245
92799.209744	355.724579	0.447057	-0.061671	247
92801.998854	355.691406	0.446201	-0.061496	249
92804.791314	355.492798	0.446077	-0.061640	251
92807.578404	355.570953	0.446995	-0.061294	253
92810.369385	355.657043	0.445513	-0.061381	255
92813.161253	355.546417	0.445889	-0.061148	1
92815.956619	355.573578	0.445066	-0.060891	3
92818.747665	355.773071	0.445457	-0.060342	5
92821.532863	355.630219	0.443790	-0.060719	7
92824.323749	355.235382	0.443918	-0.060232	9
92827.111634	355.206696	0.444077	-0.060205	11
92829.905749	355.279572	0.443545	-0.060052	13
92832.692225	355.377350	0.443247	-0.059716	15
92835.481557	355.478271	0.442704	-0.059459	17
92838.270474	355.356537	0.442020	-0.059374	19
92841.062743	355.211426	0.441800	-0.059018	21
92843.855241	355.300385	0.442119	-0.058977	23
92846.644346	355.315491	0.441151	-0.058828	25
92849.434606	355.303436	0.441262	-0.058476	27
92852.221915	355.178650	0.440448	-0.058576	29
92855.017073	355.310669	0.440925	-0.057999	31
92857.806172	355.346130	0.440110	-0.058044	33
92860.600601	355.541351	0.440962	-0.057431	35
92863.387959	355.448334	0.438444	-0.057510	37
92866.172927	355.042358	0.439101	-0.057326	39
92868.968126	355.018677	0.439152	-0.057005	41
92871.754165	355.099976	0.438854	-0.056636	43
92874.545381	355.164001	0.438293	-0.056604	45
92877.334747	355.018890	0.437525	-0.056327	47
92880.130081	354.995575	0.437574	-0.056000	49
92882.915397	355.053497	0.437080	-0.055861	51
92885.705532	355.137238	0.437608	-0.055472	53
92888.495468	355.131073	0.436929	-0.055521	55
92891.287148	355.040802	0.436787	-0.055339	57
92894.080131	355.086609	0.436323	-0.055058	59
92896.869109	355.178986	0.436532	-0.054903	61
92899.657922	355.252258	0.436126	-0.054767	63
92902.448158	355.064392	0.435280	-0.054637	65
92905.239979	354.886139	0.435874	-0.054058	67
92908.032201	354.933502	0.435522	-0.053923	69
92910.818638	354.929047	0.434828	-0.053678	71
92913.608218	354.820862	0.434935	-0.053298	73
92916.397638	354.806458	0.434354	-0.053264	75
92919.190090	354.850525	0.434033	-0.052937	77
92921.978148	354.819305	0.433175	-0.052596	79
92924.767768	354.774841	0.432797	-0.052407	81
92927.555424	354.783844	0.432537	-0.052288	83
92930.351462	354.734009	0.432124	-0.051928	85
92933.138722	354.823883	0.432290	-0.051775	87
92935.931458	354.843292	0.432019	-0.051837	89
92938.721401	354.835297	0.431645	-0.051611	91
92941.511365	354.817749	0.430922	-0.051531	93
92944.303365	354.814240	0.430733	-0.051346	95
92947.093714	354.751373	0.430546	-0.051111	97
92949.883581	354.747162	0.430776	-0.050906	99
92952.670601	354.614197	0.429925	-0.050682	101
92955.463194	354.563293	0.430210	-0.050398	103
92958.254954	354.656891	0.429778	-0.050313	105
92961.041331	354.665771	0.429166	-0.049917	107
92963.830597	354.639648	0.429240	-0.049748	109
92966.620878	354.579224	0.428689	-0.049521	111
92969.411546	354.595978	0.428827	-0.049390	113
92972.201478	354.580841	0.428076	-0.049083	115
